12023	14281
72475	16870
12125	17210
76893	244579
93759	17979
12234	21402
81703	11694
24136	17129
67673	15395
14030	18626
15398	17268
20019	14030
15251	22346
11480	50791
17172	19720
18089	74120
15432	12848
19015	20183
71242	19821
225896	269523
27140	69125
71745	17928
68153	27140
14464	216154
56353	19763
14623	226744
71242	237336
12914	269424
14814	13385
21410	13180
21417	13016
21869	13797
12531	12234
209357	23894
29871	57441
19017	26379
15424	18514
15078	12416
21869	14843
69260	15078
27140	211586
319162	19821
11789	12006
15405	17268
15516	66917
14106	17126
13163	66354
13796	17536
11804	11820
18033	19697
11789	19045
20019	18109
30046	17863
70834	11845
18676	244579
76900	16826
12609	98053
18033	17344
15398	17129
17927	12534
26409	20482
20614	15239
20375	14460
19290	12534
18124	225998
20476	24113
15424	18516
231329	27081
19645	18505
20416	19248
18514	208076
11695	216154
57376	13982
69716	50907
56222	76893
72615	243963
17874	16179
53314	16477
59035	17979
21849	17863
12444	56086
244579	233863
76893	12705
66980	14030
18516	18771
433759	19651
170770	12044
56707	22259
30923	19826
18036	19697
18516	17536
20747	26914
15433	20670
114606	15434
320080	78910
56086	19309
14236	27140
14811	12695
140577	27140
12394	22601
11909	73086
15430	30046
19763	54383
17444	17060
57441	71242
67203	18472
11789	56637
14462	57765
15408	13395
16150	16151
20476	21888
11695	57765
16869	16826
21869	27217
16825	110648
59035	74053
59036	13542
15416	65247
81703	12606
72475	233410
19290	12443
11772	13858
56222	18685
18538	74769
56771	27081
18626	108655
14784	19122
20779	13543
16331	27218
83602	22722
22259	170826
74322	233890
18033	229004
212168	14030
15902	19645
14812	69635
19645	12571
26564	94275
75646	72475
229004	246196
17126	14064
16362	229615
19645	12609
21869	114889
15387	22324
19877	74194
20183	22259
18999	56459
14465	17128
57376	27140
14465	21869
13016	83396
15402	18514
110147	15078
81630	216154
18854	74197
12578	19298
54383	17164
12914	20183
17933	20467
171543	12044
26416	17164
212168	72475
15421	19727
14464	225998
80905	56210
104360	72475
243963	114606
17128	13542
23880	17444
72475	16876
216154	93686
13448	11350
76893	15399
15078	12418
56637	12388
15433	17268
59004	69807
11695	16825
19290	14265
13390	15408
76893	18109
27140	64383
18515	15430
56210	71890
13876	84505
15416	20851
83767	56194
30046	15396
22099	53424
12567	12444
17087	21898
109889	101023
12416	12151
22323	18645
15260	18509
17187	16918
21679	57765
76900	114606
72475	65257
17978	59035
70472	100041230
17764	56736
12125	12044
14370	94221
239027	22344
67588	56480
56469	16854
13555	17984
18999	50995
26941	20505
110147	13435
12385	12387
17286	56736
17702	94275
12567	12443
18198	231134
13144	11911
50927	50708
243983	19697
14030	20787
100041953	56469
56469	20220
14462	19014
15416	54123
22601	21677
15260	15078
12443	12571
59004	16842
66980	72475
19127	12387
13368	13347
20592	14030
11518	20588
17187	17122
17219	229004
18742	20670
17999	14783
12914	20375
18516	15438
14030	16468
20019	13180
13645	13649
13796	71828
15433	11695
11695	15396
229663	15434
21374	21341
20218	228869
99730	21374
18033	19698
15430	18516
19290	80838
20471	13134
225870	54401
216869	22034
15111	21423
16392	16826
114606	17979
55942	170791
109593	16826
16392	16871
17927	15902
71241	54711
17128	27140
29871	71242
16870	16826
54123	22034
21869	13864
57441	15427
12590	74197
21339	21374
12323	12322
15516	15511
21353	56480
80720	17536
15568	14786
22601	21679
20848	16476
14030	30046
66056	239652
19290	268697
83602	24113
76893	15394
13448	16331
76900	216154
13819	22346
19247	21687
12053	12029
109594	16825
12608	19645
12227	69125
15432	71828
19645	12677
12914	170787
27081	117198
15405	71828
109689	22034
14030	12189
233890	74120
72199	17133
18516	15423
83409	56692
20606	13385
22601	21676
12534	268697
20181	21848
12419	21848
15903	21406
16364	20375
56637	19164
114606	103806
100862258	19698
22691	101023
12977	12978
15902	20375
12021	13180
69920	15436
11909	26416
18970	18538
69920	15403
14281	19184
13429	18645
104360	72135
54683	17979
12419	21849
18510	269424
17125	243833
319162	30841
15421	18516
104360	16872
110648	66970
12190	12189
19248	19200
74322	19697
12048	170770
229906	57441
21849	12412
15430	18514
30046	27081
18516	15425
26563	94275
67673	12702
269870	16826
11804	11803
12591	30046
66233	12151
20592	474156
17126	243833
17125	18519
15904	15903
56637	18024
13555	66647
11481	16323
22221	14030
105377	72475
329581	64704
12695	16516
12450	17246
225998	217082
14784	18708
73178	56194
20595	56070
21374	71242
216154	22722
12192	13180
16870	66970
16825	269870
72293	14030
14106	20183
18503	17286
18515	15421
18514	15423
11877	12558
55942	14912
329002	93759
76893	58172
74026	72354
16179	266632
27140	19650
26411	17444
100041230	52609
17096	15163
84092	19185
67673	78889
18676	103806
12566	12447
76900	16876
211550	22034
12591	13395
12753	93759
26549	15519
117149	21898
13555	211586
233876	15260
103136	14030
17202	226255
18024	17135
14030	56707
17131	13542
21849	21408
13000	56086
15399	114606
15901	21406
71241	211586
56809	56707
11568	229004
16873	16826
18514	21908
76900	105377
15432	30046
72475	216154
15416	208076
12566	12428
21405	13180
20181	19013
81703	99730
12023	12912
21423	21349
433759	13555
13390	12590
80720	20022
17927	15903
64379	13797
21652	14030
26965	21402
20473	15182
11695	12590
18626	17979
20181	22259
17999	19211
17927	12914
12590	18089
11835	21412
13711	80859
19052	80838
110596	22631
26409	17125
12402	12929
225471	21898
15242	16476
11695	19434
59079	17128
114606	13180
81703	69920
76893	15407
14030	17765
269870	16876
16825	72475
76893	23872
22658	19821
16825	16869
12988	94212
109889	78834
22658	54383
84092	56324
14030	93761
14030	83925
19645	12393
15251	27140
15421	18514
20181	19015
14465	19014
15405	18514
17268	15396
27140	21384
56771	14030
23808	226896
26411	17060
13796	193796
54383	19821
56637	12387
22416	20377
66799	67030
15434	17286
18034	19698
108100	13367
14815	71241
433759	12952
71991	72475
13866	59079
18091	14106
12151	13619
14106	17127
15220	66970
13864	56707
234959	18854
14200	20505
14103	19200
13653	17937
20166	76281
72323	14030
107932	76900
30046	15438
107932	69716
14464	30046
12234	18035
26379	233490
15405	269424
225870	15461
24113	19727
16826	66970
68153	230908
12611	107503
75291	64383
225870	22631
12013	17135
74838	14030
20807	13831
71991	13180
75646	14030
14836	57765
51792	19052
67772	13018
64704	11798
16391	20847
15170	22324
433759	50794
108672	244579
16452	20848
27140	18088
13180	65257
74120	13394
15416	14815
12567	19290
21410	21405
18171	17979
14030	216154
13798	16476
16825	230908
17865	22779
319164	69890
17127	17128
11911	16476
20471	14051
100041230	494448
103968	67469
19645	433759
16842	12387
72293	101023
18999	18746
71991	14030
26419	30957
72615	269870
15460	225998
30945	56469
12419	100041230
104360	76900
67439	14030
268903	74053
19017	26381
230908	216154
18999	14030
11789	27373
15982	20467
56222	75646
27217	18997
93836	17126
13132	67602
30923	99377
12226	69125
269523	59007
18514	15403
17973	11350
12043	29810
81703	12611
68558	14030
59079	17125
12702	75717
18516	15413
19363	12190
22416	20379
19696	76900
22034	16151
15405	16476
17126	13542
20021	20022
21423	17927
24136	17126
12048	12122
12448	12566
328572	21429
17865	330361
17927	19720
17257	100862258
18124	17135
76893	12609
84505	17979
15432	69920
17131	14064
227606	209361
606496	12388
56222	114606
12578	17246
68040	16825
76900	50907
104360	16826
18128	19664
106025	14048
17128	108655
104831	17444
17684	12914
66917	15519
14886	17344
20181	18193
21406	15110
11545	22190
106025	14049
15421	12189
22031	17874
18609	433759
20963	18985
18413	16195
56637	12006
214899	52615
18516	21412
56292	74838
227099	14030
56469	17979
18514	15395
76893	13198
26381	217082
16826	16876
71648	56480
12914	233410
13390	13392
17285	18503
21413	15903
170787	103806
19697	20787
11545	12616
11737	56086
114606	14030
26413	19303
11835	27140
232943	233066
19696	27140
107932	17937
17129	15433
17286	18505
21405	83602
14056	13626
12053	19015
72475	64383
225870	22627
272347	72475
80720	208076
16911	16825
12534	15512
18514	17536
17125	75788
243983	13180
26939	75291
19361	12190
14030	330502
233893	27056
243963	101023
110596	22629
16871	16825
18226	53319
14784	21687
17999	65116
105859	16825
17285	18505
15426	16476
13864	170574
26419	20528
26413	13712
17125	15433
94275	18744
17927	15901
76893	19697
18091	22385
12914	15405
18039	80890
22629	20617
170574	13395
17127	17927
65113	17999
56222	70408
14281	16476
17164	13619
71766	11472
14912	244579
19645	12566
20183	18171
22337	13796
12702	15930
30794	72475
20193	20198
71991	17979
107932	15399
67087	12387
16825	72135
12427	12566
17134	18024
317757	12043
14260	56194
16364	27140
81703	13395
27140	83925
18999	12534
14784	19247
19017	93759
170574	13394
105377	66970
27221	12412
76893	18024
12703	93679
17927	18519
109594	66970
110147	18022
56289	17246
13163	26419
18033	80859
14030	210135
21848	12412
27140	110052
27140	78829
22030	12421
56222	52024
13641	17974
21685	13170
83431	18472
13390	12022
109593	66970
19700	22631
71991	11695
26965	17928
56222	66980
21869	15421
14784	13649
12043	12122
50868	18024
12043	67384
100862258	22695
17125	14064
75646	15399
23885	22088
27015	56210
68153	20218
21387	17979
68040	18514
18515	15395
99377	15423
50914	30046
12419	98386
12355	20183
11789	12387
13163	20528
229004	16870
21406	21349
12567	12445
76893	14030
18516	15403
11845	30957
68196	27140
71648	14281
18708	21687
381319	16478
15220	72475
56469	69807
13665	56086
109594	21350
100039551	16825
15432	11695
18128	57750
56222	117198
15436	18514
226744	14619
71241	20788
19290	12447
65256	67673
14030	70408
18676	108655
19766	21926
16150	18036
18754	20779
17125	13542
13388	19164
13180	20787
19290	12428
64704	12991
12700	75717
18511	57765
19645	20586
234959	19697
67673	19401
57441	237336
20200	12301
170767	14030
16568	17872
23894	13170
24069	54683
17187	18109
11695	27217
72323	55942
11877	12555
67773	74026
16658	16476
242705	211586
16872	16825
14388	17444
15399	74168
27015	22187
104360	269870
19645	100862258
15242	14281
71828	12592
17128	14064
27140	18626
18747	18767
54427	13435
110596	22627
17978	13982
74197	17979
22691	72293
17318	18518
71828	237336
17701	56702
11835	17978
22416	20319
13796	21908
17984	94275
83925	17979
13796	15903
16825	16873
14281	11911
12914	19697
16842	21888
17129	66603
110157	15461
56222	11991
17874	21898
27081	20788
237911	27140
76893	27081
17764	18124
17096	94212
11695	13392
15432	19826
245880	56194
223922	14281
18034	19697
13641	19249
13797	234959
15429	16825
13390	27217
56222	170791
243963	233890
56353	12416
15399	12189
17874	266632
69920	15438
76893	474156
66980	56809
12590	330502
11695	114606
17219	71241
76893	103806
66105	13144
14106	83602
76900	75646
433759	21349
13390	170574
13982	18997
231329	14030
20682	26423
18516	208076
269523	23802
13641	53378
18511	15394
15163	16818
12023	16476
68153	18854
94221	56208
19712	14030
16478	14281
15394	18514
23957	12355
22221	75291
14465	13796
18412	20128
14836	66894
229004	24113
12952	11865
72135	16876
114774	13180
12234	18024
67673	12703
22059	100862258
76893	15434
16825	66970
19290	66671
15421	269424
11909	26413
12417	21849
76893	60611
55927	18109
72199	14030
76893	13180
56469	84505
20605	13385
320080	243983
27049	53975
18715	12703
17349	192292
71242	54383
21413	12387
17999	65112
433759	13626
15399	56449
19009	18997
14797	20476
106759	22031
76893	17764
20617	22144
17701	13392
20481	14634
17187	17121
20218	170791
15432	107568
22648	243963
16195	12702
11797	64704
20218	20779
57441	21374
12023	11909
13367	64704
76893	55942
14784	84092
13641	14609
18515	27140
71991	76900
56503	14030
22025	56469
50915	21687
12006	12387
13796	20375
26395	16706
21408	66970
21388	22385
15163	58240
15901	27140
67773	57314
19017	72416
68041	17318
56222	93759
433759	21412
12576	12566
494448	15078
23802	59007
15416	18516
15242	170574
15516	20505
30951	15078
11695	18997
107932	13180
50914	12189
109593	21350
12952	20467
19720	21349
54422	67279
11695	18933
18626	21853
27373	12387
114774	20183
11518	20466
11695	18994
15902	21423
192195	14030
17999	29864
84092	22627
15375	13390
70408	17979
76893	12914
64383	17979
57441	15395
19720	13831
12703	94212
99982	11835
15978	16647
22142	15185
114606	27081
11695	15408
11920	15270
67279	27140
69807	17344
20399	16452
68845	74026
22337	22385
15460	15396
11695	233863
114606	27217
18128	18519
16468	52615
12753	11865
21945	14030
216869	17246
72135	16826
20476	71828
14464	17128
50914	67260
15273	56222
103136	72475
12412	319152
29871	13619
18412	17966
57441	15430
17999	56722
24136	17125
27140	57765
17187	17119
54354	15461
20319	12153
58198	433759
12534	12442
17246	231201
23957	26424
328572	19697
20924	52432
76893	72475
57441	15404
26564	22418
27217	216154
76281	12387
104360	16825
20877	11545
114606	108655
71241	117198
15078	52609
104360	66970
110147	13436
110648	16826
14912	21405
13385	14810
268294	14030
21423	12398
12591	20585
55942	71949
16825	16870
68153	74197
72236	53424
13385	14813
14784	11489
12914	23872
12461	56086
17874	67588
269870	59057
15901	21413
19017	22259
72475	71137
232943	16574
26447	56210
11695	13395
19374	19373
14814	12695
30841	19821
109594	16826
19763	12416
15416	71828
27081	211586
13796	21405
14050	20471
15399	170791
20416	16331
11695	15423
81703	13170
13390	57765
22658	71242
329002	170787
15399	66980
244579	20679
22601	21678
16978	74053
107932	14030
27081	78910
17999	22378
320080	26939
433759	21429
17874	117149
14828	13418
72293	216154
50914	74197
20787	170826
13716	117198
114606	72475
110147	17979
83431	22627
13448	21682
11695	12592
26356	83602
18128	14534
54422	83602
18514	15414
100041230	98386
103573	12013
69920	15396
80838	12428
57441	67177
13797	21908
170787	14030
19013	14080
17248	17246
66420	18854
214572	664799
54383	12151
77286	14030
229004	20017
30945	17979
26419	16476
109593	21349
14633	12234
109889	69234
14828	14231
15403	208076
15432	19009
22260	20183
12226	18983
15436	18516
21869	15405
15242	71828
22629	50873
22059	17246
16872	16826
18024	22190
12419	15078
14200	22431
14784	19262
19697	229615
12591	11695
223701	16870
433759	12034
26940	22034
17127	22337
22030	211550
245688	433759
74197	474156
17701	21374
14083	12927
12695	16513
56222	14056
19211	22190
16854	17979
14030	56404
114606	27140
26423	17977
12043	12015
71766	60595
56312	13207
18996	13982
12043	83408
27140	19668
20473	21888
15375	11695
76893	66970
19401	268903
12609	246196
59079	17126
24069	30945
75291	17354
22416	20378
74197	230908
229004	22433
17349	22631
109889	233890
11695	13390
12703	12978
20198	56307
72475	66970
13017	21417
14784	17295
16842	97165
242687	56194
12122	12044
55927	21685
50794	20466
170787	27081
13864	83602
18518	19052
18515	208076
11695	15395
13688	13684
81703	11909
81703	15183
15426	57441
84092	17444
53310	246317
22637	12402
21869	18510
328572	18519
30051	13796
170574	13392
57441	15396
99730	15432
16825	109593
66743	20467
17874	22034
100041953	24069
24069	20220
20877	15078
30794	474156
229906	71242
328572	114606
13661	80859
69890	17979
13796	83602
71766	22330
12445	12571
59035	12387
18999	71950
15405	69920
15239	56324
12048	12028
14030	64383
12168	19091
76893	17979
18508	12677
21687	14786
76893	76900
71991	15399
13796	54123
109889	243963
74197	27217
15399	70392
55927	72475
11835	73381
16392	66970
329002	56736
12550	12387
20851	16452
17131	59079
20473	14797
244579	78910
76893	329002
16911	16826
14106	11695
13170	217082
20924	20922
12022	239652
329002	83925
15405	18516
22221	229004
16825	16876
12048	12015
18514	21412
328572	56312
21849	72180
70122	71458
19697	22190
55942	64383
18515	17536
22221	56809
12048	12125
14030	71949
12043	12028
76900	66980
76893	72135
18854	216154
11695	20670
109889	22691
69890	56469
433759	17702
18854	22697
12695	14813
12151	19821
58801	17210
12703	16452
330361	17979
12534	12427
11820	11803
16911	66970
72135	66970
50914	83602
21340	21374
14811	13385
12567	56086
13385	246317
106894	15396
12567	19645
76900	80720
13390	12592
15416	69920
68153	23994
13385	14812
15416	18514
13198	12606
81703	80720
18033	57247
20683	13555
225998	17979
74764	233066
12952	21853
22142	15505
15399	30046
18012	27217
17999	22377
20437	100042025
14797	100862258
76900	16825
26423	83993
15424	69920
21885	100862258
21406	12398
18538	56210
381319	16477
77053	53424
20848	19009
57441	15415
26417	13712
24069	56469
12534	12428
56715	54189
18412	50868
15407	93759
13180	78910
12914	20017
19645	12606
66511	27374
99982	76804
75196	19697
18022	56503
18022	65247
13800	22330
15182	18609
56070	27374
21908	17268
69837	319162
65020	13180
17999	53376
15403	14605
19708	18022
71137	21423
19401	17977
433759	20674
58198	15182
56289	50849
18022	15401
19697	13433
12695	14812
18022	56404
18022	64383
69890	24069
330914	12540
18022	15163
19200	19253
66603	13017
330914	19353
19664	24069
230654	56438
14784	16590
13800	22793
76900	21418
18022	20592
68910	214384
13800	20779
20019	18986
24069	16854
18022	66980
330914	12387
13017	15257
13017	16599
18022	13560
14884	27140
18022	20591
229004	13560
18508	17342
18022	18432
17172	11924
17257	22589
83602	78912
269682	53424
13017	15258
76365	27140
13800	11350
19720	21423
18022	30046
19885	14030
15405	18986
22061	22062
107932	18022
11991	27374
19645	15361
18022	14884
20183	21834
83602	18627
18022	13395
20630	27374
71991	21423
12703	16590
59035	17260
84505	24069
56792	16590
19303	11350
55942	65020
11518	20586
107701	27374
18022	57376
18022	193796
15182	13016
17260	17979
218030	19009
18022	74197
21423	56784
17283	19016
18022	68153
76900	12265
15182	12952
18022	18519
93762	17859
12412	330627
17932	20467
21885	12393
18022	80720
71991	97064
15399	12265
12043	12125
75646	21423
117149	266632
18393	66352
18022	241066
15251	11865
218772	28019
22337	17977
18022	69241
18022	12265
17187	17859
97064	18004
15416	14605
17702	56381
18022	20922
59035	17977
20402	59035
72475	21929
17125	14013
66980	21423
21418	226896
21340	21423
18022	22691
23957	27374
59020	20505
18044	26423
18033	18034
83602	227644
12394	12400
20683	433759
72475	76804
17978	17260
71834	74197
56222	12265
108672	21423
72475	12265
18022	70392
26405	75788
30046	21423
20638	27374
21929	66970
12355	20602
17268	18771
13017	14201
216963	21804
14030	227644
17702	12393
21892	20319
15903	21423
57258	20674
13016	79221
50927	15512
80283	71241
97064	71949
17129	64707
18022	53317
56787	21423
108098	18022
229615	17342
20377	20890
21380	23808
18022	23808
80720	21423
21679	97064
18516	17268
18035	103583
170761	20505
70392	214384
56278	19091
14815	218772
18022	56736
18627	108655
12393	12400
70779	18986
64424	21429
330914	12322
72057	110648
269424	21423
18515	17268
23894	18022
229004	78912
13644	14083
20674	50995
20674	56459
18022	93759
18022	20613
56736	21423
19651	12393
15469	66511
17536	21423
18022	11568
14605	21423
18022	22221
11695	20674
15423	18986
17125	64707
103583	21402
54607	16590
231866	243963
18627	21853
18022	229663
11835	18986
18022	192195
20779	19303
17257	14030
18022	330361
114606	21423
18022	72199
76893	21423
76893	97064
14030	12265
18022	69890
14030	75196
30794	18022
17684	21418
21423	56404
14281	66656
108655	21423
13876	20674
80283	14030
66870	27374
18034	80859
100986	53424
14815	18986
16658	226182
21843	18022
57376	21423
14030	22702
11865	56736
269523	386649
97064	114606
17172	21423
208258	19697
319164	24069
97064	21677
244579	13433
12355	17977
23872	20586
27140	21804
328572	17977
18708	16590
15416	18986
18676	21423
30794	21423
18514	17268
18022	319594
12419	330627
18022	114606
18999	20674
14236	18022
20505	192120
13819	11865
13429	20404
15170	17979
15403	18986
12914	17342
11877	12550
13542	18198
80283	27140
71766	230257
20019	21423
100090	214384
24069	17979
225870	11350
11835	76804
18022	18393
18022	231329
18458	27374
18643	13800
319594	214384
21408	214384
18022	233410
268301	21423
117198	21423
17126	14013
71991	18022
12534	50927
15182	79221
18022	15412
18022	22088
12265	21423
80720	17268
15504	84092
55927	21885
20218	19766
17927	17977
56424	110616
19650	232811
53975	20466
239083	74895
74026	239083
211770	12606
13796	239083
100986	239083
12914	73274
226049	11991
232791	12914
12567	12606
78783	13180
12608	20893
18424	15408
20184	22186
636931	22190
12402	23921
72179	12445
80905	18538
78913	22186
20614	52551
13548	93759
20848	20963
23859	246317
13132	11820
93736	20437
18753	15507
12534	80838
20937	12419
26413	18611
20437	12301
21926	56395
67588	67870
70160	22190
22223	22190
68705	73274
67588	20185
14462	19013
18424	27217
15412	99375
27081	71722
15077	12534
100041230	114642
19645	232811
19651	232811
16362	22218
209361	15364
66917	19060
19697	66505
13859	13132
17127	16476
54004	22190
18412	66734
50873	104015
209361	15361
21374	73274
77864	239083
636931	20419
68652	22190
16825	16909
268903	17978
21376	12578
66537	239083
16362	56480
67203	22288
12402	20779
21374	20687
26407	12005
12322	11472
19645	13555
22190	16151
51792	11920
226049	98758
433766	109272
27221	15361
378462	239083
67020	13542
68652	22186
225888	19650
53378	22190
18424	75291
93836	12005
12575	18024
19017	26423
27221	15364
52551	15481
11921	12395
20437	14266
56424	67685
269003	67588
21951	16568
19185	22186
20416	29875
268448	239083
319164	100041953
26754	15903
106039	11820
75826	17246
330959	16476
17927	17979
54607	16818
14958	12534
17927	17978
17999	65115
239083	16336
18141	12576
28010	239083
58251	239083
13018	21429
216154	22062
18424	71241
12914	106628
20028	19184
22637	20533
20185	93759
54131	56480
12914	12912
14633	56469
13796	18424
13002	15481
12189	22186
18128	13388
12914	20405
52551	13002
239083	71093
19185	22190
19359	59007
268749	16151
17883	22190
20389	17999
22186	16151
664799	21429
268903	17977
23988	71950
19017	26380
20614	20907
106025	16151
20185	20466
11923	12395
12402	15162
67588	70762
20683	79362
66233	13163
26754	15901
70564	239083
12914	11764
19645	12576
22780	216848
76332	67588
26417	18611
53817	18817
19013	14460
15182	53975
103213	16172
22632	20674
20614	13002
12043	170770
268903	17979
19073	239083
18747	17196
80838	12447
66724	22190
66724	22186
21405	93759
103806	16151
269523	22186
17927	67731
216963	72183
26893	15903
116870	19697
26413	17196
12914	12387
18012	12395
239083	27078
213019	18750
24105	16151
239083	70060
13854	22186
269523	140629
12848	93687
217410	12606
12753	100041230
57376	67588
71824	239083
12914	209354
20907	22318
170930	239083
14465	19013
233073	14581
239528	636931
68095	239083
100041230	433759
17927	79362
328971	239083
239528	22190
20614	22318
16391	14842
56637	108679
22632	20687
26754	12576
67588	270086
15904	12395
22088	16151
17237	22088
15077	268697
14633	20747
12534	12606
67871	239083
12914	319162
20218	21939
19645	225888
20614	15481
13132	13858
13026	16647
18999	66894
12914	231580
13806	20779
239083	75560
15078	239083
12005	19052
20505	17776
13435	77683
11695	18424
12301	21402
231329	239083
239083	57756
75015	239083
18412	22187
24131	11472
16151	17979
17883	415115
69504	15182
16391	27217
12914	22642
226419	93759
100041953	17979
20020	73274
17927	18432
20471	68094
67507	239083
20747	14634
20471	20674
12355	20185
170791	13983
21350	12395
14367	94221
14633	170930
14581	229615
50873	20404
65105	67588
53814	239083
12608	20466
18195	18198
277250	67588
12387	97165
21833	20185
56637	209318
77963	239083
18014	12395
56436	22190
70456	239083
239083	72221
68612	56371
19211	11798
15416	16391
207259	20787
19820	22702
18619	239083
67588	68585
24068	22034
15182	100041230
18803	18596
16391	13796
55942	21849
26893	26891
13669	12578
16337	27261
107260	17984
15398	17126
59026	17984
12005	17974
11848	269608
22330	234214
18022	18626
16796	19091
13163	170930
109910	12578
12020	16150
18412	26413
224619	17863
234214	19303
13018	56805
20974	20977
109359	22190
21374	56469
227325	17984
56424	22190
18854	22218
19645	12443
16706	17196
20682	12912
16994	12566
17927	14056
415115	18571
20193	12301
216233	75717
55942	21848
20204	20681
21413	21406
17999	20278
15405	18508
11479	16323
75788	12393
18022	56707
20617	17748
22668	13653
67845	19349
13806	14360
22059	18505
22190	26447
56070	13385
26427	13163
22059	22190
19401	20185
18035	22059
56455	83925
13709	16452
18479	11651
18935	94091
22059	30046
18763	16452
22187	17966
20471	14048
12986	78889
76932	20977
74164	17984
19659	66894
18508	24113
19943	17984
20262	20977
50797	17984
11789	12005
72354	17984
216080	415115
18747	20779
72179	12313
79362	21423
26401	12005
11796	64704
17134	170930
17984	56196
22193	23807
17164	16985
17999	63958
109359	16478
11480	16323
12566	18148
20218	14360
59083	56438
76787	17984
97064	17984
52163	17984
56787	21406
19696	71950
66725	17196
246196	21423
12914	22059
17984	12561
50772	17164
20276	83814
16917	16826
15903	21415
17984	18080
22193	54197
217124	12578
68047	17984
12369	19192
225888	19651
20277	17999
109359	107503
226744	14609
226744	106039
58521	17984
17127	50791
22778	216848
22059	231201
12301	17984
328572	319162
14281	19762
18762	16451
14582	104383
16777	17984
30946	21374
83454	17754
19334	19361
415115	12387
226049	15382
56632	14360
13163	22218
19130	15183
11820	23821
56809	19373
22059	12180
26397	26416
56792	12978
20115	12578
15900	22642
23988	16179
20779	13644
19645	57782
67157	17984
73916	17984
217365	22190
213019	20846
12028	12122
15516	14815
66684	17954
106025	16402
14465	30937
14159	16590
12417	50709
18508	20674
26413	13685
17311	16590
22668	18740
20402	14360
30942	27140
20963	24055
54401	20740
226744	74105
110157	17242
16568	12005
26564	606496
17701	17203
15111	21406
14360	27218
18973	17246
114712	21423
15569	21423
12567	50708
19386	22218
58184	17863
21406	21423
19645	107951
13429	17974
22059	22062
18627	216154
15398	17125
56468	75717
68581	17966
20779	18704
17354	20846
22273	17984
15421	18508
50873	13858
15182	14582
59007	22190
71310	17984
18704	227753
22059	22061
23957	30942
269870	16917
20602	93759
72475	16917
12421	26408
74648	12301
19013	14463
14605	211586
17966	22190
101206	17984
56792	16818
11789	229603
67030	243897
21869	30942
20779	12991
12417	21848
239083	243897
16909	16826
18039	17984
15185	22190
22059	216154
15387	17974
20408	116870
17999	20276
17128	14463
17172	21406
12571	80838
17999	22190
15516	12578
18708	16818
105670	17984
13017	22778
75826	22218
328572	17257
17954	53605
100041230	228714
17954	15381
12385	16480
23807	22194
59004	22059
227624	12578
67845	22190
18035	16151
83814	110355
18022	16151
59083	50762
21929	16151
15077	12649
12703	75717
12578	14852
12562	17984
19417	84092
103213	56480
192157	75717
106585	12578
12402	13649
98932	17984
70427	17984
12703	19229
11352	11308
18220	17984
76900	16917
216154	21929
22318	20977
13688	18747
22324	16590
73173	17984
18817	16590
12043	12566
12848	53605
229906	73274
15433	17126
16151	21423
14048	20674
12371	11796
17179	16590
20682	16211
21413	15111
70024	17984
269523	217365
21413	21423
11858	20977
269523	22190
229584	17984
18744	17984
18854	213990
14463	14083
17984	320678
17984	16419
216527	17984
19822	83925
16917	66970
20371	12394
26416	20416
228866	18609
12402	18596
215387	17984
22230	269523
26549	66917
21410	18519
20602	53975
22059	20466
67296	75717
11350	16331
67588	100503605
15114	17984
20610	17134
26564	56637
21374	83602
18762	17196
269523	75744
234214	19229
17125	14463
21410	12914
54607	75717
14582	214742
30942	17979
80859	16151
15461	19730
16391	20679
14251	234214
20750	12578
18035	16150
14958	12568
107829	17984
623046	18747
19697	71950
15416	22693
26399	26416
14281	100505386
18479	17196
14050	20020
26754	103573
27057	17984
22031	11796
18035	15405
12005	15469
12189	21423
22059	22218
76959	17984
239083	14840
72179	21454
26413	13688
12534	22201
193322	19730
217342	17966
27140	14050
22778	20586
12331	17974
23994	17984
11924	21423
67772	16647
19373	16647
17927	56787
17954	17765
17954	17955
72323	23921
22193	71330
22323	16796
109205	17984
12369	11798
107932	19885
84092	22190
216850	15078
56707	12578
12417	330627
17754	53319
22213	56438
22142	12578
22059	17344
100929	17984
15416	14050
67245	22190
16825	16917
319189	11651
17755	53319
17701	17199
50709	12412
27225	17984
103213	56489
19373	20222
240427	17954
22612	20218
12419	50709
13800	11785
19014	14463
11816	56086
56522	21423
11695	18505
11695	16917
83409	17966
26417	17196
59007	16647
268903	20185
22190	20846
12005	12387
26416	56790
26416	13537
22059	12566
193322	18176
30942	13395
16898	59007
20185	53975
226049	76936
11514	12313
109359	11911
19387	22218
97064	21676
13649	16452
170787	18508
239083	13800
83814	20278
17974	11308
22030	26408
71648	16150
216154	21423
12402	11350
12236	50708
29867	17984
21374	229615
26416	70834
26360	17984
50754	18148
22230	22190
13347	12367
234214	20739
26419	70834
12402	19303
18626	53376
17999	26559
26413	13537
20277	83814
22218	20674
18034	71950
12986	56371
75608	17984
20681	15423
105859	18022
19047	60321
14048	68094
50873	12028
57320	20977
17755	17966
26413	17242
20399	16590
16842	18505
12402	234214
30942	13796
21991	12578
16796	210126
12578	66395
14581	21423
20218	17096
70432	17984
18022	246196
26413	16419
20779	24055
12929	11350
56637	12005
66724	56208
13838	14360
107829	12978
12355	23996
18022	233893
20404	104015
107885	22218
17536	18508
20681	18933
18747	17868
17984	81018
52440	12675
16391	18986
26420	13537
17202	17701
20533	20963
19192	12367
56191	14281
226744	14620
22059	20482
12914	229906
18036	12675
13017	17984
17172	15110
23877	16590
13726	15183
22030	107951
20977	107767
97387	17984
12591	18999
18036	16151
56809	12265
16565	17984
18754	50754
19298	17984
11796	12367
17246	18505
232943	320790
15260	18505
20277	110355
54711	17344
59004	54711
268294	433766
19401	75829
99982	14582
226744	14618
319179	11651
23957	13448
22193	56438
328572	14463
83454	17755
15161	17984
56787	21413
54427	110147
12566	50708
22059	56469
14958	12566
97064	21678
73379	17984
26413	20846
22142	17984
12567	80838
12301	20203
20848	20846
80838	12566
17701	17201
212632	17984
109711	234214
56371	268697
67772	16648
13191	17984
18747	20682
19268	14360
109359	210766
12394	12151
21376	17984
12558	17984
27015	71890
15900	22218
226744	14615
56469	54711
12986	59043
14463	22190
20933	17984
14582	433759
50772	15507
20005	12578
20511	12367
17127	14463
17874	11796
66725	216965
330959	14281
18747	16796
17999	110355
63958	22190
26754	16476
18505	12387
18022	15078
13448	16337
16796	22793
60321	19045
16202	56424
110157	20779
26549	15516
18559	18505
73683	12675
12369	19877
14260	11350
83814	20274
100862258	171285
621832	18226
18035	67731
20191	12313
12313	208158
14360	13800
83814	20271
72512	56480
22213	21402
13418	16211
20877	74112
19353	239027
77134	17164
26420	11909
78783	19697
19353	228359
12369	192662
17999	20271
110876	83814
19248	19201
12367	12122
17999	110876
18559	66834
13385	20608
215031	17260
16574	30957
18508	94091
192662	12367
52163	30843
19201	19253
18091	21388
17999	20274
19943	16418
216080	56438
20185	56469
20269	83814
21410	433759
14260	14360
12371	16476
66884	230872
17999	20265
110157	56715
170828	21679
19877	12367
12367	12387
17701	94275
18708	12929
12367	20740
18220	19224
16594	230872
26417	11909
83814	20265
18220	19225
12929	16331
230872	16593
56070	14260
12914	17863
66853	67469
17131	68612
17999	20273
83814	20264
15951	12393
68558	15184
20683	19016
11848	228359
70122	19821
232943	230872
11848	233902
83814	20273
19260	19200
20269	17999
15516	18667
12540	228359
20683	20687
17999	20264
15184	20602
17927	26395
15257	54354
22416	14370
12388	19247
67500	17984
54354	17246
66968	66853
19017	11651
12534	50708
19262	19276
57436	13543
18424	27140
19201	19260
66993	17927
18747	66853
226255	56771
11835	64930
269523	64707
12488	16826
17954	67384
19877	20021
170770	12234
19109	100986
20183	93696
26397	15161
18854	11804
20399	66917
11350	15481
269424	56222
22059	22695
19290	12531
12576	224619
53605	108655
12387	23921
14912	67943
20482	26413
20183	17979
12227	19229
19386	53424
108655	50708
22163	15434
18022	12313
12675	22658
13636	107951
58801	54189
27217	17984
12419	19877
19009	13665
15423	226255
71241	18221
22346	71828
54711	19346
30945	12402
76893	20595
20674	20779
11876	14633
75646	17927
11737	20423
21848	100041230
12044	14245
18626	21376
16391	16826
18569	12978
50907	17999
17979	18226
13858	29810
14463	71950
16476	18514
239083	12914
17701	17128
27373	229615
12400	20319
21991	22186
16825	11434
81703	20218
22221	76893
50791	11877
21908	75665
17127	58186
26611	17966
27140	229004
17127	58240
18747	19762
18999	170787
14681	16593
211586	14828
103136	17129
17701	11695
100041230	74838
16911	73379
14030	12122
66970	14030
170787	12393
83602	18035
55942	227644
11695	17979
15421	84505
16572	12189
225998	384569
56792	27078
64379	67469
239652	20135
100041230	21406
12578	22059
20683	13347
100042025	246196
67845	97064
12929	22631
76900	14050
50915	16331
11797	66108
17125	218772
93742	474156
13688	16151
65115	18999
12023	12044
71242	72475
20779	56086
12395	17131
18022	64707
12022	11891
67588	59004
12443	57441
18171	69837
18997	59020
17354	56404
12323	18033
30923	12402
50708	231201
22637	12566
54124	76893
16476	17979
13390	93759
19885	76900
17883	26413
17187	20617
74053	16468
16885	18854
19290	16796
30046	232943
16796	23821
233908	140630
12367	12398
21349	20273
22190	19055
27015	17286
64290	72615
71242	11695
11796	22691
117149	170574
12043	72475
20416	15507
26380	18022
80859	22059
226049	17999
54711	22318
14030	12367
231580	20183
27140	20272
16706	16825
18022	15904
70834	110596
56350	227644
19645	239528
12023	233863
20467	16869
22190	18109
14697	76900
84092	12592
12317	18091
415115	232811
13170	15078
17999	12914
17125	18024
12611	104360
71828	12395
21871	109593
18538	229584
17984	93759
72135	19200
15461	170826
330361	56458
20848	76893
22034	17096
12355	11865
108655	20185
76900	19763
18519	20505
20272	20602
14451	18708
13180	56070
50708	22273
19353	170826
76893	18511
16594	329002
71242	15469
20174	109910
14281	225870
24069	225998
20922	15416
72323	14811
16800	474156
11518	16590
50873	71241
21943	16825
74026	20183
20602	12566
17125	17127
15396	76893
83602	237336
19696	16658
16872	20416
13385	330914
13711	67203
16590	19821
22034	30843
17179	56222
114606	64383
56210	15183
227606	12534
50995	18472
18516	19361
17979	16568
17984	22193
22218	26408
98758	117198
246196	26413
433759	18080
21423	26414
13196	15405
26414	433759
22589	215031
20907	18508
12044	18226
21892	229004
15902	57756
80720	12388
17356	14360
64383	381319
18033	14030
14281	170826
12417	26413
13347	14030
22433	17260
13395	15396
15416	20265
22295	21402
239083	64424
12402	233908
19014	21415
14633	19697
84092	216154
13002	15403
50914	16825
18073	234214
20649	13002
72323	239083
209361	22030
15183	246317
14251	170791
18412	75646
20439	433759
21429	117198
228359	56455
15260	14697
80720	18676
234214	63958
20181	20779
13390	19200
76893	72565
328572	15568
14815	16391
12395	20408
17164	218772
69890	13831
17125	327826
74053	21926
269608	14030
15399	18741
107932	20586
636931	14784
12371	54711
15375	83925
18626	18609
72042	214384
75717	22059
18505	11798
107932	12534
19720	23885
230908	18787
19645	12234
11835	30945
15481	18740
12566	110648
230872	27373
93759	270152
14030	15251
16924	244579
27140	15078
27140	20193
12914	226744
232791	19060
13858	11695
19943	15423
20510	320299
17927	66970
21423	243963
11350	17984
269870	11835
18741	20185
140629	16391
228869	19109
50914	18140
12151	12534
16842	19017
18073	23880
53376	20238
19359	16826
12043	14030
20437	28019
13395	12387
15399	57764
109711	11793
11835	12567
76893	56070
24069	56222
18508	14030
21678	17248
79221	15516
18022	269870
71828	18035
71991	50791
194590	232811
17977	433759
100041230	66724
20807	12151
12550	50868
16898	15163
21859	14634
13800	21652
20586	14784
66980	20408
12703	18571
17883	17874
11695	13448
15902	15077
54124	20687
14281	56086
18627	26413
269523	12402
14049	19387
80838	23808
12005	72475
17927	22213
15423	18611
12006	19697
21898	13555
14260	15432
17128	11695
69716	239083
13170	20614
494448	18175
93759	13661
59079	74197
13347	16825
12443	72475
66233	22418
70834	13796
15407	14360
66724	17268
18518	52432
231134	19253
225896	19821
15460	12043
23808	26549
22190	12043
14605	15381
14784	11909
58998	17125
110596	30794
17979	12236
19697	211586
71242	68581
50873	22589
20185	27217
18186	68558
107701	30957
12567	26965
11891	74132
16826	12419
19698	26407
21410	80859
20379	15184
57764	233890
64704	20273
54354	18088
17257	19645
19073	16909
16195	20220
14030	117198
76893	14268
68040	18036
19303	12367
16870	20476
76893	12005
20683	12402
51792	12168
15381	56722
217365	20423
59007	12929
18999	80838
319152	66970
17125	17984
22612	26939
330502	81703
26417	93759
21341	12015
83602	12534
15257	14106
268294	17999
24069	69504
19720	12043
22059	17863
65257	21374
17863	16918
21423	21849
54427	56637
171530	55927
75646	269523
211550	14465
209354	13681
12412	20740
57441	15403
11865	13198
17954	16476
16452	13542
13649	19349
17984	16476
13018	26754
14030	26447
14030	378462
15184	11858
20193	67772
18022	16418
18609	12443
19060	18933
239083	109901
17125	13653
14960	17126
19664	22779
14030	217069
109359	19401
18514	269870
12301	16826
13796	17764
14462	26563
22295	13435
12616	76936
13132	16476
18412	54124
11909	18708
11911	13548
20005	11909
24069	17984
17927	15896
56194	16323
21423	69125
229004	19645
17984	12393
226049	56455
83814	21423
106025	225471
22793	12753
15903	320299
22034	11876
13385	59079
17349	12387
22059	230872
170574	15438
225870	20505
19651	15242
12702	320405
15434	56086
17246	84505
21454	12044
20128	56086
80720	66980
104383	14797
18933	17999
30841	14114
14281	14360
57320	26549
30957	65971
30046	17128
15530	67731
22601	20614
18810	17187
17954	71241
22190	13180
56278	320080
232811	12301
16658	15438
239083	21423
16871	23808
13390	12914
16825	17164
18708	56771
17978	18022
100862258	22190
67203	18089
13131	100041230
12675	76900
56222	18986
12988	27140
208076	14674
170770	14106
20963	12567
19763	17984
16336	18645
18024	18022
15423	12367
15239	12010
12416	16516
16568	22601
78834	74322
12005	18626
57765	16573
19127	17133
16151	12151
12355	14030
19885	18198
18750	76893
22218	71824
16151	19401
17096	18514
12333	18582
56736	14281
109594	11350
27081	15516
11845	13796
27140	11350
11835	12534
18999	53975
76900	239083
18035	22034
12355	84505
18022	17984
20977	107503
20022	21423
83454	22142
13688	16476
27007	70392
27374	14451
225870	12539
30046	12567
22318	225998
80720	20404
17984	76893
13435	20807
19253	17974
77864	59036
20375	243963
19346	18479
17246	18171
12505	14030
21834	22025
50708	66233
30046	21888
54124	15078
69807	16825
19720	12933
16590	13016
18022	18970
68094	244579
17984	13131
26413	18024
216274	55942
12022	14812
59026	19645
12578	16825
277250	18508
18997	12914
19645	17475
12539	80283
11789	16796
114889	18503
69920	76893
71310	13207
21423	17268
23994	12286
20977	54609
18516	20198
13448	239083
71991	21687
77286	17978
20481	12416
21418	20481
12703	72293
13543	15407
21405	21804
229906	12367
74120	26408
13542	67841
15182	18022
26417	268903
239083	237911
15405	13385
13537	13864
225998	14783
67588	20437
14463	12534
192195	83602
16150	18999
20473	12986
11651	72135
12912	11465
21888	317757
74120	16590
72475	15421
18626	54354
18012	16796
21423	26965
244579	21412
83409	21804
70110	15251
12675	20750
12534	26381
72475	11695
21413	12914
13006	12355
15399	21410
17701	75829
19697	13858
66970	15078
54609	239083
12566	22034
17984	14582
17701	66511
15430	73379
22190	27140
56469	21869
13831	19698
15077	13800
225888	239083
15396	17125
73274	319934
19697	76900
11695	68558
27140	20471
99375	74288
14681	245880
98758	107976
56469	76893
20375	269608
15078	16825
18022	64930
72475	14200
13542	64704
14688	270192
21374	22642
17984	104362
17984	16151
105377	17268
56787	12005
15516	109889
15430	67588
16337	12539
27140	12387
108155	19645
18538	14030
216527	17979
56787	19334
80720	22259
218772	50914
15432	66603
11695	218952
171171	18022
20963	117149
17984	114606
110355	27015
114606	213019
12421	99730
415115	233893
21423	17129
226744	83814
15433	11789
13180	58172
14130	56637
16647	15903
22629	73274
66917	72221
71241	14103
18033	17984
22061	99152
69890	20277
18519	53424
19720	21888
114774	21423
21678	15078
12402	80859
21676	18022
319594	66917
20022	11835
12705	54383
433759	20937
15434	239083
30942	216154
15251	226744
17874	22190
319162	12402
19720	19052
94091	12914
22431	17984
110157	15432
170787	13688
230908	20592
494448	97165
20277	21892
19164	21898
22259	17984
30794	76893
17701	22793
11911	232943
76900	17386
19045	53424
15900	13385
66970	58172
16150	20674
22059	13644
55942	225888
64290	12534
18412	13537
12388	17286
20218	13390
71711	56469
13796	18175
20471	12534
21422	19017
13593	14605
244579	17977
21894	52609
21898	65256
16876	218772
18516	72475
19374	20476
21374	22601
15530	12534
11545	13636
170787	69920
59004	21374
20846	23957
18176	15423
15394	76900
269523	18024
17999	21804
16151	12028
19826	229004
59079	19697
15242	56707
268903	11991
18569	15270
27140	14030
117198	27217
15396	83797
75744	104362
22601	16826
20614	16476
66684	18022
19645	12387
474156	72565
22059	15257
58235	107885
19290	19052
13796	13716
17475	12234
17984	18091
57441	22218
15901	15182
72057	57320
211586	12705
107932	12010
12427	17318
21429	18510
103136	18505
17128	13390
15982	107260
56637	13388
17536	56086
244579	378462
18747	225471
20602	20963
99730	56371
18022	26409
231580	22213
12578	13717
73379	15421
18986	22218
12044	14281
12571	14011
208076	57750
22210	15511
21387	20787
11695	30946
12534	19200
384569	11468
71137	74838
16825	13800
328572	67731
20218	12592
110648	26416
20533	12845
19260	83814
80838	233890
11308	20020
72508	15903
99377	16331
16773	11695
170826	17979
14630	211586
233893	68153
16568	66105
269523	57441
217864	22260
17129	13368
12479	56292
13180	12914
13196	12929
93836	239083
66734	50914
58230	13144
22193	21406
329002	20528
52551	17257
20218	233890
21402	12122
99730	12015
17974	26413
17136	114228
66537	99982
72475	212632
12978	16948
20779	13180
268697	20277
17203	15396
12122	18024
107951	14360
11924	18742
215031	55942
110157	26423
13448	14013
27140	79362
18516	66894
21869	100041230
21685	22337
66853	100041953
17984	16150
109593	18033
15182	114606
20779	18022
18044	18747
12534	76893
15408	16590
17311	20185
12675	16872
57441	80859
234959	13395
20271	27140
15481	18854
20183	26754
20606	223701
14406	18128
27140	12416
330502	234214
19260	80283
17187	12616
22418	12633
16516	20135
14030	67943
17984	12412
22642	170574
11695	229584
170770	20787
17698	22190
15433	20277
66970	13798
20466	18505
18986	18999
70779	15260
29864	15569
84505	22240
20183	14050
97064	17883
22223	20848
15078	20779
24069	20602
15182	14030
56086	21423
233410	20679
20788	239027
26413	13347
15399	81703
12952	19276
12412	14030
21410	22631
15396	17342
18744	246103
170770	12091
16151	240752
19697	269870
270086	56194
27217	239083
54401	22190
13806	72475
12323	16917
14048	15405
12703	210126
24113	12015
24136	27140
18022	54683
12914	13688
328971	30942
56085	15438
19015	66734
26381	18704
22061	16917
17984	67177
71648	22210
21848	21894
22629	20683
17386	56312
20273	67588
54609	22691
57376	13180
17977	50868
67279	17984
21350	54401
18994	97064
227325	50914
17999	56208
20466	17701
12400	16195
12013	13180
12395	17984
55927	22350
171531	22186
50708	17979
26420	17444
104360	18198
21929	15434
20670	19763
234959	27221
13385	12234
22084	230103
110616	229004
193796	60321
12005	69281
56469	19248
16825	16516
26893	14886
67588	246317
18109	104015
15530	18022
12021	12388
20198	19016
67588	216154
268697	15273
60321	19374
117198	27374
21423	18022
76332	19290
13390	99375
18458	56086
14281	20674
71991	15433
239083	21929
56702	268697
240873	545486
23807	12048
108655	11920
214742	20218
20183	11491
22221	13392
14115	12534
13385	65116
11607	16536
56787	76893
12322	76900
20682	12234
606496	14582
103213	14281
26416	12558
76507	27081
15396	20473
20851	18750
14231	72183
72179	18198
319164	20471
12388	11477
30046	320299
17984	20674
229004	229615
18022	17475
240427	59079
13180	17868
27217	22631
12505	12703
21423	71766
17999	12566
15110	18128
17765	15416
11920	17874
11789	14618
16195	14375
21687	16870
17913	22330
242570	20375
66970	107932
20922	433759
11350	117198
216963	12566
217342	20198
21908	18515
56194	74053
16825	18986
78891	18708
18986	106628
15396	18022
17135	114712
24068	22288
56715	12028
21412	22218
433759	17203
17135	13626
15430	15432
26414	18024
100041230	68558
71956	104416
13347	16172
58235	83814
14784	70392
11764	17776
214384	433759
17977	14030
17210	11845
57782	16590
14620	20878
104416	14115
17979	15408
19130	83814
77945	12571
15530	16818
26563	15251
68153	13626
54131	20200
109272	17999
56792	17128
56707	22693
17126	12566
260305	12301
14806	59007
78889	244579
100090	19094
19009	16870
15421	12703
223701	56469
12914	19303
11350	15078
17765	15426
26401	16978
50708	239083
16818	227099
56787	17974
17984	69234
66711	14030
57810	12578
433766	15432
12162	67260
17984	15396
93761	14964
22259	22190
16924	100041953
30843	20389
53378	20505
17754	17344
19013	16825
20922	74026
17927	22260
54123	15432
16826	16476
22059	11350
12606	26409
12914	27081
20807	20017
15530	11865
14281	19009
99982	17999
106021	15185
17060	268465
12488	19290
26416	59004
15242	58230
18175	83814
17164	16476
56486	15901
19434	12590
18034	18508
14030	80859
14163	12695
14086	12265
16826	15398
18039	12387
15416	14030
15394	15507
20183	12933
12914	21423
14582	19727
20505	17536
12571	21423
170787	20476
21388	22433
17984	20272
15432	30051
20630	66970
18999	13405
27081	225870
12444	244579
21687	18022
17955	58521
11803	636931
12043	11911
18596	66537
93759	83925
13796	73274
18516	12566
70122	15403
78829	18412
19645	71766
269682	218772
15242	242687
12534	20019
232811	19697
13858	229004
26419	11891
18034	19013
69241	75788
17984	18983
80720	117198
20377	54401
15416	56070
69310	16476
18479	17260
56805	16825
67220	109115
14030	242705
20277	117198
12914	230908
21859	19164
13591	20505
22337	15111
26891	231580
67673	21423
56070	17127
17984	19017
11844	19373
14463	70110
17979	15405
20437	13198
81879	11350
20471	56449
12444	69716
17444	81630
76936	78912
13006	21853
53378	22178
19290	27374
20846	53885
16392	22190
20183	22034
16452	67588
22034	18986
17984	21853
24069	16825
14030	18022
18080	17868
17702	54711
109594	21410
26417	100862258
17121	16876
20614	99730
11695	56222
11789	14460
21423	15519
76900	433759
100505386	51792
17984	13138
103213	26397
17999	14030
107932	71242
13711	26611
11695	57750
20977	15399
18424	24068
170761	72508
21405	15078
56070	18771
20893	26414
71956	66056
17984	140630
14633	72475
107701	20606
26420	15903
22190	12702
243963	80720
15111	433759
71648	15101
73379	27081
21410	107885
17196	27140
18128	13619
12447	225471
17984	18383
12703	226419
21374	13555
11695	18036
57765	17318
11835	18538
100986	57376
17984	17318
71241	12578
56433	11816
17121	214899
114606	269523
18412	17974
27374	81601
12571	21888
80838	14360
22194	12703
12043	18412
51792	71991
53424	12567
30046	14236
12578	17933
15469	15078
22190	243963
214742	107701
12571	75717
11695	56771
66050	16590
243897	75646
240752	16336
16826	16842
83767	239528
17257	474156
14786	12402
17977	330959
15405	18141
269003	26413
170791	15901
20375	170574
21410	22601
378462	66352
83431	14086
14030	20846
56792	12578
12845	20851
433759	21678
208104	66917
66970	21423
20185	22187
104015	229004
52609	14602
104015	66352
14784	52024
94245	22190
239083	22418
56771	328971
17246	74322
20181	17344
12819	13385
12590	67588
26419	241568
13002	19262
11545	15395
98932	53885
12387	12395
72416	50868
17748	19697
12234	53424
17246	19091
27218	22031
12010	15530
11695	18022
228598	66352
11651	21849
57441	56222
12703	14463
216274	104360
26416	22697
20747	12265
81703	18140
23988	14464
21410	18569
18148	74322
18771	22589
246103	19645
11350	11848
21423	11461
106039	15405
15433	239528
30930	21405
229004	19109
27056	12566
21423	20890
70834	15416
83767	18803
21374	20218
17260	16691
26423	12402
110648	15429
18022	12387
268465	104360
15398	433759
72512	225870
81879	13796
13796	69790
19290	52024
17127	78913
22337	15163
74197	30923
18022	26754
17984	12022
16151	19052
18022	12346
12929	12428
170787	21843
14030	100862258
20020	11820
14806	56438
12393	13017
19303	15896
19373	12419
14231	58230
11835	67526
15078	110616
56632	22632
15399	71648
74112	67731
71766	384569
18933	225998
12301	14030
20319	18783
16419	15569
14030	18514
16911	17311
72565	15257
74112	11749
11793	12236
16151	15399
22778	19353
20977	19361
17257	214572
12737	106021
15395	14231
16826	71242
215031	16443
93759	13394
17268	54123
16170	21834
50708	57765
20471	12566
18393	66970
12043	60321
13180	22034
56469	21687
21353	22193
17260	16599
20528	16391
16870	19684
19229	227325
16876	16150
12566	22151
15432	19349
18022	21429
18741	15438
68652	75646
22218	68652
12505	20183
18383	56070
22190	75560
21926	14619
65079	12417
20674	18569
117606	59001
13796	97064
117198	13418
16876	16391
73178	12402
20670	216965
12550	20807
14375	56210
20682	69920
15434	17954
72475	71241
14394	11909
66724	16151
12822	14843
21423	81703
22030	76900
26419	18160
18022	97064
20272	16565
16826	17874
20466	12819
83431	269003
27081	15903
17311	23894
17318	27359
69920	214384
20198	14251
14200	69807
64144	103806
56809	18029
15182	12005
74322	20181
229004	11909
65020	19651
12010	328572
18022	17342
17776	11796
56792	17702
15405	20405
233876	17984
12695	20471
16872	105859
22190	14620
27140	11468
15530	433759
14236	14463
14030	16870
17125	13169
81703	21888
13016	19821
16825	54422
67588	239083
12914	18128
11350	19185
13528	22193
18999	22178
14634	68581
17927	268903
26413	18424
21908	27049
14030	17979
106039	56194
11789	80859
16647	16826
140630	328572
19651	20218
239083	29875
210126	18685
17755	15018
50708	27261
21406	330361
16392	17979
72293	22030
22190	70620
12005	22190
17536	15382
18986	16331
14810	14106
74197	216154
378462	59020
18516	24113
11468	13163
13797	18741
67673	12505
19820	243983
17129	65020
100041230	16151
20687	17999
21406	18033
93696	12400
66722	59026
20265	70392
240427	18074
27015	18378
230103	12296
18676	21384
12394	21454
69920	21423
84092	15396
83925	13433
12345	15375
74026	12986
67588	12578
13170	11695
27081	22059
22187	208076
16150	14030
17260	13395
18505	14360
12566	14463
109593	12355
17984	68094
13180	19016
20846	13367
19229	117149
268903	22025
11991	18159
14030	11798
15396	16825
170787	14633
17184	18424
19290	26423
12592	12702
19720	14681
11911	19015
12592	57441
11632	59007
12301	57441
17999	27373
17702	71241
243963	30957
72135	27140
93736	11622
15430	17203
12912	83814
12005	19184
84505	18744
18514	83814
14814	104416
19668	53817
19013	216274
18074	50709
216154	20977
15530	20682
21848	20700
13000	12606
18538	19014
433759	117198
20222	18538
12695	15364
54711	17765
18080	56469
211586	18783
14200	18708
97165	239083
14463	76893
76900	13390
18022	225998
27081	16814
14083	18626
18747	107932
15396	208076
16876	67203
19017	83814
16477	19047
107701	21885
243983	16170
17984	56469
11695	13864
12914	15461
116870	18024
234959	19684
72135	56381
12914	12227
319934	18022
12417	80283
20181	19386
17260	74334
83814	18022
99377	21388
16909	22385
19821	14114
12234	18986
22059	83602
11695	319189
66917	319162
66352	18519
15078	21423
18432	12751
17979	15251
20481	14103
16814	93759
56307	11518
56736	232811
16362	12702
71766	18973
17984	110355
16476	20185
15242	18412
269870	18983
15078	12578
16825	21423
17172	27140
12189	207667
15078	17979
17246	26414
76787	15077
13641	66917
19698	19013
12370	14030
29867	13716
269424	17937
11991	433759
18559	104416
18516	14049
606496	17129
12402	69635
65105	12675
18479	50708
76900	17765
14281	66853
12412	17172
243897	11793
66853	20787
72475	15469
56371	27217
100862258	14587
69920	30794
17126	78783
234214	97064
20193	17883
19645	20437
22691	17201
11461	16151
11695	11845
17201	27140
15395	24069
16772	103806
12558	56469
170574	16911
18074	18412
13131	19353
22418	19303
66671	15111
17128	19363
11695	20306
11877	12387
27081	70392
269424	13017
13796	53424
76900	13796
69234	16452
15516	17701
15416	13542
56312	15184
21991	66354
12914	74105
106025	22632
217082	22416
56707	14106
17865	22088
104015	12702
18033	53424
71648	12189
68040	13180
18854	12419
15183	17979
54607	20974
14056	74370
212632	19645
20614	16402
69281	106025
22190	12772
16170	21859
83602	12355
13542	26413
18741	17702
12578	18475
20204	11477
12034	22691
21991	16151
55942	14388
19697	26420
69807	17913
15388	27261
17257	22142
20595	21423
68581	76893
17984	15903
18198	76900
14836	13653
20193	21685
26356	13653
18412	18747
170574	243963
15412	170787
22190	227325
56381	18109
15396	59079
56222	16476
19697	14912
19017	21388
19650	103213
12387	75560
17386	21869
26416	68612
20682	16826
226744	68153
231329	13797
21804	216154
13026	15519
22693	67773
19725	106389
14884	13385
12296	22088
56469	20473
13435	19725
20274	20191
19262	60611
18221	18762
71241	22771
17978	50927
14064	17977
15239	21399
217365	18412
69241	18559
14582	18626
17984	57441
20022	17984
20218	101023
12190	71890
56469	98386
65020	19225
11695	104360
78834	22190
80859	13796
20218	16876
17984	12616
18022	621832
22059	15260
50772	19734
20278	56222
83797	14702
72475	14958
20614	22260
14030	268301
216233	20416
104416	21679
18627	108155
213019	229615
18747	231201
13688	60321
11793	14463
18022	19290
18022	319152
23872	12355
24113	20404
14828	26401
19185	12402
21908	20404
20272	328059
17984	26564
26423	18538
16918	19211
17979	230908
57441	17172
67772	16825
20511	231580
15242	66420
14960	21402
20346	17984
16825	18744
18511	17984
329002	20273
20181	17872
12448	50927
53319	14086
17129	66725
15408	20933
66724	20909
14681	11695
21406	226049
80859	15403
14463	319189
22190	56480
17865	19877
20419	170761
117198	228790
11423	216080
14013	21951
108655	216154
17984	12189
56086	13858
17136	15396
15405	12402
72236	109594
64930	16825
56222	12367
216154	78912
12322	22596
12591	15432
24064	14462
433766	170826
16478	71890
12043	12335
30046	59020
17754	22173
110596	50791
70456	20220
18074	17984
22601	14784
13132	15421
19309	18039
19109	11749
20787	27140
22337	18036
117198	229004
12265	22034
68153	100041230
73914	16172
66970	17136
246196	14281
70122	30942
18514	19877
57750	56438
67845	54609
14464	14462
19401	20437
114606	246196
16647	17999
50791	16825
19015	18124
17172	18022
20779	81601
12417	80720
83602	20846
213019	18508
20851	14681
14086	27225
83602	22273
18022	12571
17127	74178
20679	18626
78912	14620
17974	240427
72475	70060
53424	108655
21869	22223
17126	16590
18999	208076
19260	13395
12606	100041230
269870	330502
16870	12367
24061	12331
18986	20630
19045	109711
16590	52163
12151	22190
14815	58251
20779	72293
19878	319164
12402	22359
57765	12417
16331	13180
20467	18186
14814	22059
18986	18128
14463	18519
20510	17984
114606	17237
107976	22416
433759	20416
57314	17128
17536	13688
56787	21405
18424	64704
17283	18854
65079	80720
17210	14281
20602	12571
16323	12576
192292	21945
26413	20505
117198	329002
109359	83814
59079	19821
12819	98386
208076	22190
66980	24113
74197	12367
19727	12590
17927	19885
76900	11877
14200	17285
64705	208258
117149	12402
192157	15078
93765	14806
21652	17999
26413	14201
17344	18022
13591	19290
26447	16452
80859	16480
22631	277250
65105	56210
74322	22690
117606	15382
71828	20021
13711	217069
54401	21423
83814	17984
20471	109901
24105	22416
23802	16452
15903	22632
80838	12914
14534	19014
17755	17342
12265	12703
18383	14786
16876	12368
17977	140629
69807	18106
56404	58230
114606	13644
93742	21848
110157	59001
19645	19290
18854	12367
15903	15388
18458	11891
14064	226049
16872	12578
21349	269870
15077	56438
17248	19696
12388	17444
170930	22230
18109	14605
13619	13433
70472	67841
22648	107951
76365	15416
18708	18472
22190	26564
23894	22376
12367	12412
16782	59083
64384	19645
15982	50708
17927	14050
51792	239083
71950	68040
13385	17979
67943	26395
67685	19684
66980	21849
18505	22193
17129	83431
26397	18022
56449	21412
19826	13716
15432	56086
21353	19716
28019	16885
320790	20610
22062	18091
18022	109593
76900	12914
18626	20846
15239	18747
17248	108672
74334	19211
71828	22223
17863	433759
56070	11465
18022	58998
319189	243963
20128	57376
14828	15101
18983	17999
12443	14463
19762	12822
77963	268903
18424	17134
97064	226744
20779	21374
100862258	67772
76787	17126
17999	330502
20779	208076
14702	12703
14030	18503
12914	13619
11695	18970
18383	15182
67588	73683
17978	227644
16873	13390
14030	15424
66970	17268
75646	13392
12301	19697
17999	69890
18508	74197
12151	19877
12005	19822
216154	15432
71242	14050
18708	12576
14030	16814
67943	18128
19094	59079
26939	22034
22218	67588
17131	50868
12226	13716
19052	14103
12369	56787
18514	16419
21374	20969
21677	71137
69716	11472
74194	13002
13026	70060
100505386	26416
54683	12005
20505	14236
20277	12578
433766	20674
14050	13144
21340	19192
93759	16825
81703	18747
18514	56210
59004	56787
14281	67157
17984	56191
74197	26423
12355	67845
22318	17999
12412	329002
18676	12122
77864	17246
20028	12387
13726	27081
15111	17979
29871	72475
13180	11472
13017	74648
54683	27374
15077	208643
14048	14030
22601	22193
76804	22601
14083	16362
433759	13390
22190	15361
20848	72508
26413	16331
15405	12703
17131	20471
56486	14030
72475	11848
13593	18999
53424	27081
64930	12010
12393	19720
22433	56086
17125	19720
106894	68040
19247	15505
226419	75291
17999	227099
19650	103583
209357	18034
14030	20614
21374	11793
12914	20740
56702	74197
94212	78891
17863	67588
56787	14260
17999	14281
13864	11848
22088	193796
17979	73274
57441	76893
22330	18393
66917	24069
19091	11545
23921	12695
225998	56637
18024	74053
13619	20017
20183	14011
75291	65254
69260	71828
18035	12700
13180	56469
20218	12591
12404	12333
22193	15405
13448	21423
22787	170574
53424	18171
12914	56469
14810	16818
83602	21869
68558	18109
68095	12447
268294	21423
19697	78910
15395	18036
12914	16842
53975	18091
94275	56637
233863	78834
12591	19645
14581	11909
26447	80720
16800	67279
20747	12609
12571	17927
22193	17342
56717	16872
17984	13876
29871	13196
19821	16419
15405	70160
16590	20185
14030	13649
22190	18022
56736	12695
56792	16391
239083	12952
26380	15395
17126	12043
15903	17702
56707	20183
15504	20476
53817	192195
105377	22627
22186	14030
17126	14465
22722	15904
14030	19725
22190	16870
83602	54383
17979	12419
17865	76893
72475	21406
15903	12069
13170	69716
50708	14030
21853	12578
19055	20787
12053	227325
22629	19698
20439	12695
12737	12447
72199	20193
234214	192195
27081	29871
12286	19185
26549	13347
52163	18514
19109	11923
12578	104362
108655	15382
66970	15260
17536	18741
20963	71950
56312	52551
16825	21374
109901	68040
58172	20404
20467	226744
21423	17344
16189	12189
14843	13796
23996	13448
14030	15381
170787	11848
74197	81018
14581	18024
11695	56086
67526	17984
18022	11876
14050	12578
56438	12190
239083	14464
14599	17979
16476	22359
20183	24113
14634	27140
12190	14281
12387	17984
218952	239083
74256	140571
17701	13819
21399	14030
13180	17966
18036	16985
54607	328971
16872	97064
13800	12822
12578	13001
20912	20779
16392	17126
17126	17164
22260	114889
415115	26413
15405	108679
474156	75788
19225	19224
50914	22151
20933	13593
16323	17999
20019	66980
17999	12022
21869	30841
13016	22031
20019	17932
15110	12444
18514	26423
21374	81601
93696	21679
94212	13180
16452	18022
15903	56637
19009	19822
15405	107932
17927	20135
17128	76893
56792	20185
20586	14842
12540	329002
74197	272347
56406	18746
114606	18033
67020	19697
18619	21454
11695	12566
20471	66970
27140	72293
14064	16364
328572	104015
18458	13831
269523	17984
12914	18383
14360	17927
15018	14050
233066	106021
22218	110616
16151	105859
17979	21687
20674	232791
20848	21849
12288	21340
110648	107932
230257	71458
20613	19766
21413	16917
14464	17979
56222	239083
100862258	114606
15421	19697
17999	18022
15433	19645
53885	433759
57441	18195
72293	26423
26411	56354
15416	12571
21374	14582
66511	17927
56809	83602
19349	17999
13002	17978
22330	106021
59057	78910
23808	15461
77053	64685
64704	72475
12566	17927
20467	54189
16826	12412
212632	229004
26754	19247
20683	11474
18074	19359
12367	106025
14114	16392
26417	18744
21871	330959
16876	18022
22259	71828
320678	18035
12428	17927
19659	433759
13435	20371
16443	21685
68094	54189
16391	18035
83814	17979
14633	52551
100862258	30951
14375	59083
12385	12421
18985	12416
14784	107932
59007	18022
11772	17268
50927	269870
12819	12591
17701	75717
72135	12226
19645	18475
17927	20471
52615	17984
230872	12402
99377	15399
15407	16568
14784	20402
21908	30046
17974	20922
12540	59007
207667	12313
26416	19697
108655	50914
12355	20605
73750	80838
57441	14056
26356	15423
20416	22187
12286	108679
18708	14064
80720	56086
20377	14173
76893	13385
60611	81703
12914	12675
80718	13390
16189	17257
17172	18854
18609	233073
71242	19224
72508	14360
26401	17126
208076	56469
22702	239083
21943	20183
18508	15530
18740	17342
21402	240752
22693	54354
20605	22193
209357	18505
17977	15399
16337	21350
70392	103136
14173	20296
22691	15251
12387	16826
15430	19060
19361	70122
15260	12402
17927	84092
27217	19645
21349	16211
17933	101023
15242	22259
12914	17126
13797	11797
17984	13796
23877	110147
81703	16782
56469	18514
329002	17776
15423	12952
194590	56371
16985	20277
56436	83814
56459	94275
12265	76893
18514	19017
13542	13797
22190	27223
22690	12387
19052	13435
18140	50709
11789	18022
50914	16773
97064	14394
14912	57376
11545	22318
18024	12444
18022	18747
12702	12394
17187	192198
226049	81703
211586	18022
18519	228071
22218	100862258
18022	211770
15387	70392
57765	21406
14030	21677
56480	12412
19052	15903
66970	18569
73274	384569
12427	11514
14030	16391
12387	19016
13196	56784
50709	268697
13800	17286
226896	56438
18022	12367
26419	22690
19763	16179
18432	18708
17268	99730
18505	18933
73274	72183
50995	72135
13394	12367
17755	11651
71828	67220
15183	16835
18109	13435
217864	56278
114606	21849
71950	20319
18515	74120
14783	13385
24055	14056
13180	54189
15399	15114
170787	23921
14843	12534
56455	13163
17984	14048
19821	26408
18074	14030
21853	22295
17286	12822
56222	26399
17979	18750
22221	18393
18222	12402
12488	18033
214742	12991
114606	216154
17246	20681
50873	56353
19363	71648
12069	22627
83814	18106
79221	68845
12265	229615
11695	56505
12576	67155
13716	75788
239083	22144
26893	12649
18538	18022
22213	22240
22190	16825
22142	16477
106021	228714
94212	216154
15398	18999
18516	18611
18516	18854
56637	192195
70110	239083
170770	12590
17136	11991
171171	19303
15416	15078
11607	21412
99730	19341
59007	225998
18764	93686
20389	22318
15432	20416
108655	16825
17872	109594
15185	67845
83602	72565
18626	13390
19697	11835
13170	18986
28010	16818
12355	72135
14182	109115
11749	11491
170787	19645
18997	93759
232943	110147
64707	16183
15220	21936
21406	66711
21418	20505
19276	18035
21423	16772
14281	217069
15903	22221
72475	14281
60611	14173
17128	54607
93759	97064
76893	14784
21412	14281
13543	16170
80720	13392
81703	17196
17125	71949
60321	56715
56792	13555
117198	26423
15078	17536
17978	22337
109889	22084
12010	230257
12227	18022
59035	12822
11695	192292
15394	14115
12568	15405
18412	72416
13982	17859
207667	12753
12934	59007
319164	27081
16917	22099
19645	20271
12928	20700
16924	239083
116870	14375
