29546	78957
84556	25576
58959	29151
117096	84591
24923	25558
29495	24410
65040	113970
64680	29151
50592	29627
24300	299331
266806	84556
84353	113970
25012	83589
84591	29627
25054	83823
29647	116508
50592	25400
84016	29627
83718	25578
60590	361509
25531	171123
25469	58948
29495	25152
50522	25679
83782	171050
81802	81804
25369	24242
25747	497778
25459	24681
266759	24300
29495	117096
25012	29491
25745	290354
116470	83589
25751	60668
85238	114901
54262	24242
117096	113970
117096	246212
78957	116647
64158	117277
59312	117096
29495	24409
171050	313474
25522	81730
83731	24547
116647	59312
25012	25716
301517	266759
114901	140694
29647	25252
24766	24242
25751	114901
50522	116643
24224	317673
24224	64547
25531	171039
24410	24408
116647	58948
116743	60668
24224	24888
25467	25513
29495	65040
24803	83583
497770	24242
59293	83823
29686	25716
25414	25513
116647	113970
25576	171039
50522	81678
116692	192254
81802	25558
171093	65096
81634	290354
56011	64625
116643	83809
25400	81827
83841	29627
29738	113894
25054	140908
60668	140694
24888	64625
78957	65040
29738	24520
64829	116839
54237	295052
25558	83589
25130	25558
25012	24923
29491	140694
25576	116839
25522	113894
25203	54237
59312	65040
312965	116643
25012	56084
64547	24888
63836	290354
24224	64639
116590	54321
116470	81804
24383	140941
24316	24408
29491	64630
353227	117277
25252	24409
113970	192254
25537	60590
117096	58948
58948	24410
78957	117096
29613	140908
116647	84591
29495	24205
25111	25400
29647	140722
29495	66012
83841	311532
116647	246212
84556	25398
192258	113894
25722	24242
29495	116681
29495	116647
24680	25459
24766	25716
54305	171093
24888	64639
25747	24242
25459	170538
116647	312607
25130	81804
116470	25558
25012	116470
84016	140592
24224	64625
25459	25023
116590	65204
499558	306332
170840	29737
25086	299331
113970	117542
24413	25573
308113	117542
29647	116595
266759	312703
361503	117542
266759	24296
58948	117542
297930	24768
24409	24316
170840	29738
29546	59312
170840	113894
83841	29559
60391	83610
60391	29647
499558	85327
116647	245903
24296	299331
84556	257648
50522	25262
292925	24768
140694	83718
117096	245903
85238	313474
29559	84591
60391	83589
116647	64053
60377	117542
25054	24596
59109	24596
25086	266759
25252	117542
117096	64053
29613	24596
54257	84591
25576	303604
25736	690244
29437	65204
25577	303604
81753	24242
116671	307594
59312	24418
59312	286923
287716	303604
50522	289584
25400	54323
29628	29627
50522	117277
117284	25400
25736	25573
246150	25573
50522	81515
680127	170538
291145	362817
140908	307594
116590	25311
64517	24242
293860	290354
81518	25636
116470	64829
29495	314856
29629	29627
291145	295052
25051	24242
50522	29357
81672	24242
171297	83589
50592	29628
291145	54237
64158	81672
293860	60590
60590	501403
25736	301442
56011	303604
60383	25023
60432	24242
24245	54323
81779	24242
24842	314856
83614	60590
56010	303604
60590	300772
24703	29431
64829	25558
680127	81749
81803	25558
500985	81515
24875	24242
29753	64517
286923	192254
24242	56813
58959	24242
84584	50522
60590	362342
25578	303604
25729	291145
64630	56084
60590	25573
64515	24525
84584	691903
24803	25716
25400	29669
25747	314856
314856	54302
29753	303604
83610	171297
84016	306636
116590	24768
83841	25615
291145	170538
291145	24680
54293	29627
116685	24680
116506	24242
81922	114901
25573	361677
84016	25615
360652	246212
29542	24680
306636	246212
24703	293621
114486	293621
117277	363445
24438	362817
24674	85238
362938	360652
360652	171093
361677	301442
25398	24400
25489	25122
24703	81517
24246	24409
29542	25023
25663	361677
25736	499417
50522	361677
24890	117553
24471	171460
114486	81517
24680	24392
24890	81827
309774	360652
360652	58948
24392	25023
29495	360652
24392	24681
24471	25420
24246	24410
29555	24242
83422	361677
309774	116647
29495	306636
24680	65204
315840	290354
117096	312607
140694	140908
500261	360652
24413	266759
25369	24318
116590	24767
306636	312607
50522	362849
25489	24768
29542	24703
25522	29542
29647	64563
360652	113970
29542	24681
83823	29627
682507	299331
500261	117096
24680	25558
140908	85238
24674	140694
116685	64204
140926	361677
291145	25023
81517	64363
24767	25489
54292	58960
309774	117096
24680	64204
309774	24418
362849	85327
24471	50522
84584	24890
24410	116549
360652	64053
316258	64563
24681	25558
24413	299331
50522	115771
501625	361677
83841	306636
25152	116681
83427	361677
360652	245903
312694	117028
312694	60668
50522	364878
25489	24392
306626	361677
94266	361677
29340	291145
24242	24318
114486	29630
500261	116647
361677	25466
25319	171050
116590	24547
24525	362817
64563	311163
293621	64363
25023	25558
54292	286923
306636	84591
287716	114486
361677	361370
24410	25252
140941	24418
24923	64630
363445	312703
84353	362817
25729	84353
84353	295052
25636	89789
682507	192348
287444	81727
25617	81727
64465	29431
24415	25400
89789	25400
25400	24416
29432	64465
25343	25578
25467	113894
24383	360593
100359951	81727
81727	25573
116549	89789
29432	24547
360593	24189
303553	192348
25522	170851
25522	58960
24923	117277
25467	170915
54226	25573
24242	56766
171128	171297
29495	29508
25722	25012
81756	497770
25400	140694
24790	29542
170538	29628
29627	29491
114901	25052
140941	24224
24409	24438
24211	81531
312703	25576
24408	25012
65204	24242
58960	25012
66012	54287
171297	25223
315840	245903
117096	313474
682507	117542
299331	24890
361509	266759
64033	29154
25252	65204
362342	299331
117096	288924
113894	360652
116647	501625
25343	364878
25558	25493
58968	25578
83810	313474
83785	29437
24680	64630
117028	94201
301517	54293
64647	117277
25387	24242
140694	79257
116647	24224
246212	140694
24680	309774
24242	29627
24316	25387
314856	29154
117096	25400
25573	140941
85238	308113
117553	25573
50522	25735
170538	287155
25562	29542
361677	84591
24189	81756
60590	24242
29491	114486
311532	24514
29495	140941
24680	29271
50522	81821
140908	83589
24392	78976
25318	25193
24296	361712
50522	25617
29179	26295
313474	290354
314856	58960
83722	113970
116590	170821
29630	24224
64303	24547
24242	81517
64625	50522
78976	307594
117542	81771
29274	84591
25336	54302
60377	501403
29627	117284
24949	24408
293860	25558
140694	24596
293860	25319
25578	25735
24840	690244
113970	29709
170915	24680
313474	25679
29476	300923
94201	64829
116506	25537
691903	25152
83731	246150
140694	81802
140694	680127
361160	24418
24680	64513
50522	89789
307594	29151
83810	116506
25459	50522
84476	290354
29542	25387
59312	84018
83823	24768
114486	25022
116549	25747
24410	305604
29357	291145
140694	171123
64829	83721
25152	24811
54226	361370
56766	25522
25398	29495
25558	288924
306439	50522
25738	117284
29738	25111
29647	266759
29647	83841
25513	54323
83810	84591
58974	84394
25369	25747
24211	25469
313474	81727
81807	361160
301442	117096
83619	306636
54226	54292
25558	171128
113970	24205
25537	113970
25558	25576
140941	79114
25570	58983
114486	500261
25255	81757
50522	24681
24410	24890
25130	501625
113970	114590
24768	24418
117542	116590
116690	81758
25585	25522
64845	24681
50522	60668
360652	50522
116643	299331
245903	309557
25716	59109
170915	362339
84591	116543
64829	363425
246212	64525
24296	54250
29130	29508
54323	117096
29627	78957
29480	361677
170840	24409
25522	299156
140908	117542
140592	362891
83785	29432
287716	81807
50522	24525
25537	293860
54225	25387
116839	54241
29542	24224
171086	25537
117274	361677
81804	192254
50664	83807
361160	286923
308392	303604
50522	25097
116470	81518
116506	64517
81634	24680
307594	25522
113894	171046
84591	83589
361677	26295
65040	25459
29271	58960
25522	25736
24242	24525
25404	24596
140908	312607
113894	301442
25576	24416
113894	81727
363425	60590
83721	100360950
171093	29629
56084	24588
25311	25387
117542	295052
245903	29647
116590	58968
192254	25620
116549	25489
81821	29274
83823	246212
25319	25336
362817	25459
25398	24224
25562	259221
83589	64646
170851	287716
24888	361677
58974	288924
24392	246212
24410	64547
361677	245903
25404	66012
60668	81757
29627	81756
24242	24245
64303	84584
303604	24410
140694	83810
680111	25459
171093	24410
287711	25012
117542	25400
306439	84584
300923	24253
362849	362817
25387	25573
83619	24596
24409	24392
25636	307594
50522	29495
315840	79255
25022	501403
85238	25573
116549	64639
29647	29491
24681	85423
25404	81821
81517	29431
25012	83614
171050	29613
25454	84016
83823	140722
24768	83782
81821	500261
64531	113894
304807	246212
312607	361677
24767	25736
85327	286923
499558	291145
25729	116647
58948	140586
66012	64391
25570	117268
25663	360652
60391	29542
314856	266759
25738	24596
60590	25400
114512	299331
60590	24596
54241	24681
65040	24875
25522	25573
25601	300772
24703	117553
94201	171460
83721	25403
50522	25522
114901	266759
25252	29495
25531	171086
25400	293860
246331	116470
25686	60590
81727	24242
362849	25562
363247	29274
317673	360652
116647	64196
140908	60432
25022	113894
81749	192254
58974	24392
25023	25513
24392	25747
81922	307594
171086	29491
116549	25081
25454	266759
50522	81727
29542	171046
24176	297930
84509	60391
29647	25522
64158	64845
81515	83589
81518	50592
298648	192348
117553	64053
301517	116647
100912585	291145
25585	24812
25403	25054
171093	117096
24923	360652
25453	25573
24888	83614
171093	361458
59293	29738
24224	298648
170956	83841
192254	29546
81672	116470
24681	29271
83782	29340
29627	24790
56084	29647
309774	24300
85489	25747
60590	25019
83840	81727
25513	25617
24790	362938
171046	64202
360593	81823
25522	85333
81807	25493
24888	171046
25414	171039
360652	24224
117096	81756
29647	29151
29647	79114
362817	81807
58974	115771
24189	29340
29432	25337
24438	84394
64513	192363
25343	56084
24681	682507
361677	54241
25051	60391
291145	24767
25716	29151
113970	303604
29628	306636
24242	25012
25537	24681
25337	24224
94201	25573
116543	65040
89816	60432
84584	29340
117542	293860
100360950	316258
29546	24471
24253	25252
89789	29628
24242	83785
64672	29151
54237	114901
299331	83614
24767	290354
114486	24409
361160	25747
301517	60377
29495	312607
24890	309774
360652	60590
58968	25122
60590	24790
24898	114486
