2538846	2542667
2540650	2542409
2539047	2543044
2543589	2540100
2540292	2539236
2543514	2540917
2540873	2543544
2541117	2539869
2540219	2543506
2539627	2540020
2539640	2543514
2542632	2539869
2541107	2540013
2539958	2539035
2540880	2539640
3361323	2543240
2542139	3361036
2539743	2539914
2542808	2539620
2539403	2542732
2540121	2541158
2540880	2542438
2539992	3361511
2542097	2540292
2540112	2541203
2543506	2541710
2539467	2541264
2542844	2538959
2542233	2541446
2542252	2540612
2540880	2539149
2539399	2541165
2539838	2540620
2541446	2539794
2542677	2541652
2542358	2540643
2542293	2542773
2538690	2539423
2540643	2541957
2541144	2540806
2541347	2542201
2539992	2539487
2540735	2538690
2539649	2542773
2541445	2540481
2542632	2539027
2541871	2543481
2539004	2538959
2539997	2541726
2539205	2541957
2541355	2539991
2541861	2540627
2543460	2538689
2539523	2539050
2540239	2540237
2540825	2539804
2541160	2542635
2540580	2543298
2541298	2543248
2541298	2540013
2539808	2542393
2541633	2543629
2541936	2542761
2543682	2539639
2538736	2541856
2541512	2539020
2539639	2539641
2539403	2540735
2540880	2539869
2540802	2542196
2541848	2543506
2542815	2541110
2541117	2539782
2540802	2540618
2540239	2543671
2542097	2541942
2540917	2541350
2540574	2542106
2543544	2541280
2543044	2539857
2542299	3361532
2543281	2539087
2540880	2542824
2541756	2541178
2543001	2542761
2541677	2540612
2539741	2542433
2542123	2543399
2538930	2538690
2539958	2543265
2542358	2542029
2540917	2540760
2543681	2540917
2541910	2540292
2543281	2543310
2542070	2540292
2543069	2538886
2539420	2539523
2543372	2539869
2539324	2540917
2542840	2541861
2541317	2539963
2541633	2542196
2538848	2539050
2541633	2539481
2539087	2542503
2540966	2542201
2541628	2542788
2540728	2543240
2543205	2541117
2542544	2539914
2539020	2539436
2542137	2542474
2540735	2542198
2541735	2542313
2542200	2539123
2539090	2541045
2540258	2540580
2540927	2539102
2539641	2543222
2540587	2541117
2540825	2539523
2543682	2540191
2541863	2539804
2541107	2540438
2541446	2539236
2539649	2543298
2542815	2539938
2541194	2541368
2539678	2541117
2540121	2543086
2539794	2539083
2543086	2541158
2538988	2543019
3361036	2540250
2540547	2542097
2543281	2541165
2539847	2539645
2541871	2541153
2539123	2541590
2539295	2540977
2539467	2539149
2541672	2540292
2542123	2540936
2539550	2539436
2541314	2541268
2539869	2540992
2539649	2541612
2542045	2539869
2540470	2541159
2542175	2540919
2540648	2541746
2541055	2542988
2539545	2539991
2540471	2540555
2542808	2540458
2539550	2539764
2540650	2539914
2539047	2539997
2540438	2543248
2543200	2540917
2540438	2541159
2539087	2538689
2543372	2543399
2539414	2541117
2539155	3361036
2539149	2540660
2538762	2539804
2541172	2538689
2539741	2543058
2539997	2539237
2541604	2539209
2541033	2542503
2541107	2541159
2541973	2543273
2540470	2541298
2540258	2542474
2540612	2542285
2540258	2541652
2540618	2542542
2541011	2542097
2543394	2539958
2539958	2539010
2540620	2541165
2540917	3361538
2540793	2541446
2540917	2540684
2540829	2541957
2539214	2538787
2543040	2541314
2543682	2540956
2540589	2543222
2542358	2539149
2541726	2542337
2542880	2539641
2541193	2541889
2541117	2543298
2541059	2542274
2539027	2541652
2540917	2538838
2541599	2539149
2540719	2539087
2541585	2539185
2539550	2539389
2540051	2541603
2541633	2539804
2542239	2539804
2540589	2540060
2543460	2541117
2542097	2539083
2542988	2542873
2542337	2539700
2540481	2541268
2542137	2540612
2539914	2541926
2540565	2539741
2540043	2539641
2541633	2540013
2539437	2541612
2541580	2538787
2539953	3361036
2542953	2541612
2542358	2542632
2539863	2538787
2541276	3361036
2538843	2538787
2542824	2539641
2539930	2538787
2543027	2539992
2541887	2541699
2539627	2542083
2538932	3361036
2539770	2542007
2541889	2540593
2541317	2543441
2543044	2543399
2540470	3361036
2543044	2542123
3361487	2541863
2539838	2539399
2542637	2541529
2540648	2542558
2539838	2540438
2543589	2539659
2541030	2540744
2541117	2539035
2540565	2543058
2539914	2541013
2543281	2542844
2539087	2542029
2543281	2540737
2542337	2543027
2542558	2541643
2541768	2540481
2539206	2539517
2542632	2542029
2542840	2539641
2539083	2538816
2540719	2543240
2543310	2539869
2542252	2541439
2540578	2539644
2542007	2543685
2539928	2538787
2542023	2541117
2542200	2541652
3361487	2541652
2540927	2540977
2541059	2540149
2542682	2542773
2541071	2539499
2541871	2540341
2540580	2541530
2543451	2538787
2542343	2540917
2540917	2539527
2541738	2540051
2543539	2539360
2540977	2539544
2542880	2540285
2539123	2539869
2539737	2538959
2540767	2541117
2539205	2541975
2540633	2539963
2540959	2538787
2542175	2541468
2542106	2540584
2539869	2541443
2539914	2542121
2541871	2543506
2540547	2539958
2539087	2542542
2542796	2538838
2540013	2543248
2542544	2539185
2543233	5802965
2539087	2539208
2542635	2543027
2542198	2539423
2540470	2540013
2539523	2543686
2540255	2542083
2539336	2538689
2541055	2541652
2542358	2539869
2539123	2540099
2542080	2542029
2539307	2540911
2539869	2539703
2538846	2543039
2542029	2540612
2541936	2542162
2541599	2541519
2540239	2541916
2540099	2543441
2539087	2540992
2541807	2538787
2539914	2541247
2539958	2542121
2539149	2542162
2543382	2539497
2540051	2543233
2543027	2539649
2539914	2539144
2540013	2541159
2542233	2538816
2540895	2539658
2541580	2541620
2539914	2543108
2541298	2541107
2539123	2538959
2539838	2541159
2541326	2541633
2540263	2542393
2540438	2540013
2539869	2541141
2539481	2542374
2542542	2539686
2542637	2540352
2541155	2542358
2539958	2543642
2542080	2540580
2539020	3361330
2540793	2540292
2540307	2542438
2539209	2543240
2539645	2542482
2541755	2543298
2539175	2539914
2539645	2540645
2542128	2541117
2541887	2542611
2540099	2538787
2539914	2543344
2540574	2540584
2541975	2540856
2543581	2540959
2540329	2541652
2541861	2543222
2539700	2540361
2543069	2539914
2539047	2539487
2539640	2540511
3361323	2540728
2541925	2540761
2541726	2539992
2539550	2542556
2539920	2540329
2542004	2538787
2540115	2543273
2542198	2542732
2542773	2540593
2539808	2543116
2540589	2540392
2540234	2539834
2540705	2540027
2539869	2539817
2540845	2543039
2540471	2543327
2542615	2539641
2542252	2539087
2541580	2539090
2539997	2543027
2541306	2539914
2540547	2541117
2539987	2538787
2541209	2541178
2540051	2542097
2541512	2540911
2542772	2539818
2542761	2539149
2541446	2539083
2543281	2540992
2541633	2542387
2539550	2541144
2541107	2539838
2541011	2540761
2541863	2539499
2540565	2540825
2542558	2542727
2542844	2541117
2538875	2542788
2541500	2538689
2543539	2539513
2540582	2539497
2539958	2542844
2543554	2540650
2540718	2540458
2540977	2539686
2540234	2541871
2539847	2542772
2540956	2543040
2542637	2540129
2539205	2543129
2540471	2540684
2540650	2541957
2540917	2539725
2539914	2540992
2541798	2542106
2540234	2541153
2541446	2538816
2542233	2540292
2542196	2543086
2543387	2543629
2540845	2541519
2542293	2541612
2539481	2540047
2540060	2539155
2540866	2539703
2541910	2541446
2539087	2540020
2541211	2538787
2540927	2542542
2540873	2540121
2538787	2540753
2538816	2543112
2543544	2542727
2541028	2543040
2542489	2542102
2542880	2541957
3361491	2542069
2542226	2541863
2539087	2542632
2540917	2540555
2540719	2541604
2541153	2540341
2539958	2540767
2541209	2542873
2540587	2539958
2542410	2543506
2539741	2540727
2539360	2539513
2541299	2539804
2541936	2542237
2539477	2540977
2539767	2540917
2541652	2542804
2539487	3361511
2541798	2541604
2539997	2542617
2541355	2539804
2542337	2542285
2542438	2539641
2538930	2542732
2541455	2543039
2543298	2538787
2539808	2542637
3361456	2541633
2539869	2541159
2541910	2539083
2539232	2539010
2539920	2539434
2542337	2540361
2539741	2542029
2542293	2539517
2539020	2540911
2539083	2540292
2540292	2543112
2541518	2542080
2539414	2539958
2540097	2540238
2543248	2541159
2541910	2538816
2541141	2541957
2543387	2539527
2543460	2539958
2539920	2540019
2541117	2539010
2538736	2539869
2540239	2543327
2541446	2540292
2539307	2540927
2543382	2540917
2541468	2542617
2542029	2543058
2541193	2539869
2541849	2540020
2539545	2540992
2539914	2540380
2539914	2539537
2539914	2542466
2541982	2541652
2539997	2540099
2539442	2539641
2541726	2543027
2542041	2541178
2540470	2539838
2539971	2538787
2542404	2542080
2543671	2538787
2542796	2540784
2541916	2543671
2540580	2540070
2539403	2541372
2543544	2543281
2542239	2540735
2539627	2540255
2541916	2540362
2542761	2540660
2541580	2540032
2540939	2541268
2540761	2541661
2539420	2543116
2541699	2543576
2539958	2539544
2541270	3361036
2539847	2539818
2543394	2541117
2540975	2542097
2539358	2541599
2542815	2540917
2540145	2540977
2539678	2538689
2538787	2540784
2539869	2540027
2538736	2539219
2541117	2543265
2538988	2542482
2540728	2539399
2539645	2538832
2539958	2539782
2539154	2540917
2541863	2539991
2539123	2539087
2541306	3361511
2540845	2541599
2543506	2542756
2541863	2539523
2543129	2539765
2542175	2539920
2543044	2542667
2539864	2542123
2542667	2540481
2540719	2538959
2543027	2539487
2542108	2541117
2543240	2538959
2540237	2539869
2540362	2540292
2539242	2539399
2541117	2540517
2541957	2539827
2540470	2540438
2543045	2539914
2543506	2540099
2540212	2538787
2543441	2539016
2540917	2539764
2540051	2539765
2539666	2540020
2542727	2540020
2539914	2539080
2540648	2543544
2539666	2541628
2540468	2543666
2539495	2541652
2541633	2541165
2539087	2539402
2541936	2541957
2542108	2538689
2542727	2542366
2542299	2543671
2542677	2539123
2538787	2542465
2539436	3361330
2541030	2540481
2541957	2542701
2540398	2542274
2540292	2538816
2539838	2539971
2540793	2538816
2542844	2539087
2540847	2540020
2540802	2538959
2541446	2543112
2541473	2542388
3361306	2542757
2541547	2542274
2542427	2538787
2541517	2542637
2541957	2542938
2542137	2540664
2542119	2541178
2539914	2538886
2542093	2538689
2540097	2542004
2541580	2543086
2543682	2541268
2541500	2541117
2542815	2543229
2539838	2540784
2539352	2542703
2539920	2540919
2541869	2538787
2541580	2539881
2542492	2541957
2540917	2542140
2539958	2543205
2540337	3361036
3361306	2538706
2541861	2540043
2543027	2540593
2542727	2541746
2539914	2539493
2543298	2538689
2541028	2541268
2540307	2539641
2542237	2541141
2540574	3361456
2539869	2540643
2543506	2543290
2541117	2541172
2539914	2541585
2539794	2538816
2540099	2541468
2540239	2540292
2543240	2541165
2542097	2538816
2540880	2543222
2541326	2539379
2539914	2539185
2539844	2543666
2542796	2540630
2542144	2542313
2541155	2539869
2539781	2540136
2539838	2541165
2541107	2543248
3361306	2539209
2542815	2542085
2543650	2539620
2539794	2540292
2540578	2541522
2540977	2542542
2541699	2543129
2540917	2542914
2540880	2542840
2540223	2540392
2541871	2541018
2540499	2542358
2539142	2540917
2540511	2540013
2539963	2542388
2540324	2539914
2538875	3361036
2542746	2541519
2541298	2541159
2540825	2542196
2540650	2539149
2542433	2543058
2541317	2542388
2543441	2539963
2538690	2542198
2540112	2541030
2543506	2543086
2541975	2541203
2540517	2538689
2541298	2540438
2543069	2539080
2540258	2542029
2543526	2541603
2540470	2543248
2540511	2543481
2541604	2539004
2542045	2541592
2540992	2539991
2539914	5802917
2541446	2542097
2541518	2540580
2541612	2539580
2541470	2538816
2541580	2539020
2539869	2540013
2543027	2542293
2541975	2541603
2540471	2540292
2542083	2540020
2539627	2543629
2543187	3361204
2543086	2543685
2539640	2539869
2541011	2538816
3361470	3361036
2539123	2543666
2541699	2539513
2540051	2543129
2540565	2542433
2540880	2540043
2541916	2540700
2540565	2540727
2542432	2542358
2539659	2541975
2541022	2541612
2543281	2539838
2543027	2541468
2542029	2541439
2541055	2542873
2541633	2542788
2540115	2542313
2543671	2540292
2541590	2541889
2540719	2543289
2539645	2539783
2542299	2541522
2540142	2540149
2542632	2538959
2540238	2539200
2539117	2541178
2540470	2541107
2543069	3361491
2541547	2538848
2542824	2541861
2539914	2541973
2539047	2541889
2543682	2540025
2540517	2543646
2542312	2539436
2542844	2543646
2543095	2541652
2541957	2543254
2539010	2543646
2541861	2542438
2543460	2543646
3361470	3361491
2543646	2539035
2539020	2542312
2541213	2540020
3361470	2539869
2540735	2539423
2540767	2543646
2542880	2541861
2542393	2541529
2539155	2541856
2541861	2542211
2539436	2541587
2543187	2541861
2542108	2543646
2541861	2540285
2540547	2543646
3361562	2539817
2540880	2543187
2543027	2540127
2539914	2543479
2540307	2541861
2540239	2542112
2541193	2539642
2540163	2539641
2539838	2541324
2542502	2539991
2539847	2539568
2539414	2543646
2541861	3361204
2543265	2543646
2539487	2539642
2541672	2541652
2541861	2542615
2538744	2539668
2540880	2542211
2539970	2541013
2538736	2539155
2539550	2541587
2539004	2543670
2539020	2541587
2543042	2541013
2541916	2540237
2539838	2540627
2543091	2539914
2539642	2542988
2542112	2540237
2539864	2539497
2539641	3361204
2539280	2540237
3361330	2541587
2541889	2539642
2543044	2539642
2541633	2538690
2540020	2538855
2540880	2540307
2540880	2540163
2542093	2543646
2542703	2542414
2540655	2541861
2540495	2541013
2542426	3361260
2539639	2541861
2540880	2542615
2540880	2542880
2541599	2542237
2542112	2540471
3361562	2541155
2541155	2541201
2540880	2540655
2541347	2539838
2541172	2543646
2539352	2542414
2539352	2540492
2540847	2540784
2540285	2539641
2540880	3361204
2540354	2539991
2542128	2543646
2541047	3361562
2540911	2541587
2542312	2541587
2539678	2543646
2541500	2543646
2540237	2540292
2540163	2541861
2540880	2539639
2541474	2539838
2543278	3361260
2541211	2540865
2542489	2541957
2538744	2539499
2539782	2543646
2542121	2543646
3361562	2538744
2541512	2541587
2539209	2539352
2541957	3361036
2543187	2539641
2539838	2541194
2539215	2540020
2539047	2539642
2542358	3361470
2539838	2541368
2542638	2539804
2539336	2543646
2540719	2539352
2543394	2543646
2543298	2543646
2538744	2542226
2540880	2540285
2540655	2539641
2538744	3361036
2539999	2539804
3361562	2541201
2539641	2542211
2543310	2539838
2543205	2543646
2541609	3361260
3361562	2539620
2541306	2540316
2539242	2542824
2543407	2540148
2542198	2539248
2541620	2542312
2540956	2540129
2542796	2540620
2540499	2542409
2540148	2543164
2540263	2540129
2541193	2541141
2543589	5802965
2542358	2541153
2542517	3361036
2542358	2540866
2540472	2541247
2543402	2543671
2539958	2543646
2542628	2541194
2542358	2539285
2539155	3361402
2540097	2543382
2542358	2539700
2540392	2540690
2541633	2543064
2541599	2541171
2540472	2540392
2542545	2540865
2539914	2540281
2540051	5802965
2540694	2540115
2543517	2541599
2543360	2542123
2543281	2542628
2541959	2539804
2539847	2542545
2540148	2541849
2541619	3361260
2541547	2540716
2541819	2541268
2543402	2540977
2539333	2541599
2538690	2539248
2542492	2540720
2543372	2541599
2540720	2539494
2539082	2541030
2539494	2539517
2543168	2543030
2540115	2541973
2540239	2539280
2540639	2542503
2541733	2540129
2539737	2542358
2539703	2541900
2543581	2539494
2539640	3361532
2539668	2543506
2541171	2539963
2539808	2540129
2539920	2542358
2541599	2539963
2540472	2543069
2543402	3361532
2540148	2538959
2541861	2543355
2542244	2540115
2543360	2541599
2540880	2543355
2541599	2542328
2539423	2539248
2541910	2543627
2539627	2540148
2542489	2542311
2540720	2541867
2539190	2541030
2541255	2540316
2542890	2540316
2540234	2542358
2540620	2542628
2543589	2543233
2543355	2539641
2542545	3361260
2540148	2542083
2543355	2542615
2539997	2542358
2539645	2541619
2540316	2539311
2540574	2542440
2541735	2538787
2542884	2541030
2541214	3361526
2539668	2538752
2540350	2540929
2541655	2543254
2541585	2542667
2542733	2542409
2540580	2543646
2540324	2539495
2540464	2542440
2542137	2539728
2541500	2541112
2540409	2539299
2541726	2543100
2543382	2541957
2540880	2540992
2543030	2541975
2542396	2541585
2540324	2542409
2540880	2543554
2540574	2540464
2543554	2542409
2541585	2541110
2539721	2541585
2540350	2542409
2539403	2540515
2539728	2540929
2541735	2539314
2540880	2543208
2541709	2541713
2540328	2539149
2540019	3361532
2541117	2541652
2539781	2540329
2542090	3361526
2540394	2543290
2542094	2541617
2540927	2542440
2540775	3361526
2540394	2541142
2542245	2539686
2543575	2541585
2540099	2542326
2543666	2539016
2541735	2540951
2539010	2542686
2541735	2539666
2541513	2538843
2543426	2539499
2542326	2540593
2543426	2539804
2542007	2543086
2540927	2540464
2543426	2539523
2540645	2543646
2539668	2540409
2541112	2542042
2541117	2539781
2541317	2542326
2543426	2539991
2543426	2539481
2541585	2540959
2540409	2539277
2542689	2540070
2539495	2540563
2540880	2541159
3361511	2540316
2540895	2539804
2541317	2541889
2540954	3361526
2540880	2540409
2540054	2541585
2543581	2540409
2543460	2540409
2543575	2541426
2541709	2543208
2540099	2543666
2541513	2540409
2541735	2539495
2541735	2539838
2541273	2540716
2540862	2542928
2540880	2539914
2542137	2543290
2543506	2539428
2541735	2539958
2540977	2540919
2541117	2543042
2542137	2543646
2542094	2542410
2539237	2539495
2541513	2542410
2542245	2543208
2540829	2542503
2541709	2539838
2539726	2542409
2540537	2542409
2542433	2538932
2541735	2541214
2539434	2542446
2541652	2542409
2541117	2539511
2540929	2541159
2542689	2541464
2542245	2543646
2543004	2541585
2542928	2542124
2540880	2541585
2541713	3361526
2541585	5802965
2538843	2539838
2541055	2541178
2542137	2540537
2541744	2541585
2542093	2540409
2539426	2541617
2540586	2542667
2541585	2541834
2543539	2539806
2540880	2543646
2543290	2543646
2541178	2542873
2543539	2539474
2541585	2543479
2541735	2541713
2540817	2538752
2541585	2540846
2540394	2541652
2542396	2539914
2540409	2541713
2542244	2542414
2541599	2541603
2542253	2543646
2542969	2541585
2539914	2542409
2543100	2540099
2539495	2540992
2542733	2541585
2542928	2541585
2539914	2539206
2540292	2540643
2542137	2541585
2542029	2541529
2542097	2543685
2541889	2541160
2543646	2541159
2540620	2542175
2539523	2542211
2540784	2543460
2541936	2543629
2543248	2543233
2543481	2543670
2541159	2541468
2539728	2539642
2541059	2541194
3361562	2541587
2540700	2538959
2540394	2540648
2539641	2539550
2539914	2540633
2540954	2541055
2540250	2541609
2540794	2540438
2539523	2541446
2541603	2540846
2541050	2542433
2538787	2541916
2542542	2542097
2541869	2542801
2539010	2542396
2539928	2541110
2542196	2542761
5802965	3361036
2540471	2543027
2540020	3361491
2539083	2541603
2542311	2540115
2539700	2540650
2540917	2539666
2541439	2539333
2539487	2543646
2541117	2538689
2541159	2539658
2539087	2540847
2543666	2542293
2541117	2542815
2540720	2540582
2542029	2540620
2542474	2540547
2541512	2542337
2540324	2542358
2541155	2540589
2541193	2540845
2539999	2539987
2540718	2542256
2543646	3361562
2539641	2540580
2538843	2540919
2542703	2539668
2539314	2541165
2539123	2540438
2541746	2539436
2540880	2543298
2542804	2540099
2541171	2541446
2539550	2539741
2539527	2541585
2539020	2543646
2539645	2539047
2543539	2542196
2542396	2540329
2542358	2539641
2540492	3361323
2541273	2542732
2543479	2539838
2541179	2541117
2539010	2541861
2542840	2540043
2539423	2542880
2541268	2541735
2543460	2540470
2543040	2540350
2540099	2540292
2538770	2543233
2543027	2540324
2538787	2540664
2539537	2540990
2543240	2541155
2540880	2543685
2541165	2541916
2542628	2540574
2539154	2542252
2542255	2543575
2539914	2539352
2543646	2543554
2540470	2538736
2539123	2543589
2540013	2540917
2542789	2543387
2540121	2539185
2541755	2538816
2539963	2539920
2543554	2538787
2540436	2540620
2540856	2540361
2540917	2540511
2543129	2540767
2543455	2539881
2539248	2539123
2539020	2540880
2541178	2539649
2540727	2539495
2542615	2541350
2542687	2542312
2541889	2539751
2542262	2542343
2539083	2539971
2539991	2539869
2541677	2541889
2540911	2540585
2542689	2539248
2543187	2542193
2540414	2540392
3361511	2542201
2539185	2540880
2542233	2541178
2543372	2539847
2541709	2539517
2538731	2539149
2540025	2540238
2541861	2538689
2539720	3361511
2540919	2542732
2539020	2540728
2540829	2539920
2540975	2539517
2541153	2541155
2541735	2540505
2543481	2539645
2542029	2538930
2540013	3361036
2540020	2541117
2540730	2541347
2539527	2541726
2540464	2542696
2542137	2543441
2540582	2542796
2543646	2540020
2543407	2541688
2539963	2541585
2542774	2542313
2540212	2539642
2540825	2539436
2539864	2543629
2541957	2539083
2538988	2540720
2542628	2539914
2540825	2542632
2542689	2541317
2541910	2541590
2539641	2541446
2539360	2541587
2539371	2543271
2542492	2540292
2541159	2542252
2540409	2539804
2540481	3361538
2543671	2540307
2542097	2542337
2543129	3361526
2539808	2543441
2543240	3361456
2543506	2539675
2540144	2541153
2540099	2538959
3361470	2542773
2538930	2543298
2541889	2541609
2543027	2540728
2543646	2540329
2540977	2539642
2542299	2541942
2540212	2541324
2542004	2539958
2540285	2542328
2540593	2543240
2539087	2542137
2539869	2540329
2540992	2542233
2539544	2539997
2542237	2539914
2541030	2542108
2542502	2541603
2541942	2543539
2542486	2541916
2539838	2540917
2542252	2539360
2539434	2543481
2542029	2542840
2539080	2540292
2540917	2538816
2539155	2542615
2542928	2538846
2542761	2543646
2541585	2540745
2539641	2541710
2541446	2542396
2539428	2541013
2540793	2539869
2540574	2543506
2543027	5802965
2542628	2541107
2541178	2541599
2541247	2541141
2543394	2543248
2541155	2539495
2540917	2539645
2541165	2540307
2539423	2541178
2539209	2542083
2538787	2542312
2539403	2539307
2539869	2539080
2541585	3361204
2539280	2540612
2540471	2539920
2542761	2542489
2539952	2538816
2542698	2542162
2539794	2539087
2541601	3361036
5802917	2541155
2540927	2541695
2541599	2540761
2539102	2540954
2539242	2543646
2542796	2540212
2542727	2541147
2541168	2539499
2540060	2539728
2539869	2539641
2539869	2539737
2539149	2541585
2540292	2539436
2538744	2541652
2539035	3361562
3361511	2540020
2540992	2541455
2541194	2542774
2539087	2539645
2538886	2539495
2543646	2540163
2539821	2542293
2541735	2539550
2543187	2543039
2540239	2539479
2541957	2542366
2543108	2543399
2540547	2542200
2538690	2541030
2543187	2539991
2540574	2541936
2542211	2541633
2540471	2541910
2539869	2541957
2541112	2539311
2543407	2539639
2542545	2542358
2541280	3361036
2543589	2540845
2540526	2541733
2538959	2539971
2543281	2540593
2540255	2542732
2539083	2542808
2542201	2539620
2541117	2541901
2540027	2540395
2540574	3361511
2541604	2543506
2542388	2540362
2543281	3361323
2539838	5802965
2541926	2539020
2538787	2543044
3361491	2540223
2541869	2539847
2539523	2540468
2541934	2543682
2543310	2542773
2539479	2540580
2539668	2543629
2541652	2541889
2540806	2541518
2541889	2539123
2541733	2538787
2542337	2540285
2540977	2539728
2543079	2539914
2539481	2541699
2540070	2541652
2540352	2539725
2543575	2542928
2539154	2539366
2538689	2542677
2543079	2539366
2540470	2540517
2543281	2540051
2538770	2540221
2539232	2540917
2540223	2539353
2539499	3361260
2543646	2541910
2541652	2540666
2539971	2543027
2541209	2538689
2542080	2543248
2540960	2539991
2542099	2542196
2543646	2542531
2539645	2541720
2540862	2541055
2540255	2543506
2543514	2540660
2541178	2541975
2541211	2540959
5802917	2539314
2541306	2542128
2539838	3361526
2539914	2539434
2542211	2543399
2541957	3361538
2542615	2538787
2539808	2540767
2543064	2541580
2541587	2540880
2541468	2539527
2539004	2541863
2542638	3361306
2540793	2542542
2539280	2540312
2542137	2541030
2542969	2542815
2540618	2538787
2542540	2540307
2539523	2539087
2539479	2542137
2542898	2542140
2539149	3361306
2542083	2540917
2539914	2543222
2540919	2543581
2539185	3361491
2541165	2540064
2540917	2540495
2543646	2541117
2542137	2542544
2539678	2542618
2542808	2541807
2541107	2539087
2540574	2543399
2541107	2541028
2540013	2542844
2540880	2541863
2539200	2539958
2543027	2539914
2541709	2539087
2541519	2540565
2540258	2539958
2541861	2541869
2541975	2538787
2543526	2540142
2540470	2541194
2541599	2541529
2540458	2543671
2542831	2540099
2541446	2539455
2541055	2543327
2542193	2542358
2540716	2539640
2541514	2539640
2539087	2543045
2542123	2542727
2540956	2540825
2538816	2539047
2543394	2540409
2539686	2542106
2539869	2541720
2541599	2543248
2542029	2539513
2541117	2542667
2540880	2539641
3361036	2543646
2539675	2540847
2539703	2540719
2540221	2543544
2540728	2539087
2542094	2542733
2542744	2539487
2540020	2540927
2543298	2542256
2541439	2539945
2542106	2539208
2539544	2539838
2540574	2541735
2542438	2539834
2542503	2540716
2541117	2539751
2539467	2541585
2539641	2541512
3361491	2540927
2540880	2543044
2542358	2542815
2542196	2541165
2540880	2542358
2542410	2540380
2541171	2539511
2542262	2541735
2539123	2542004
2542123	2539185
2539205	2541617
2542815	2541013
2541957	2543027
2542094	2542744
2540470	2542703
2542237	2540650
2540115	2541147
2540054	2543506
2542438	2541798
2539537	2543382
2542949	2542023
2539399	2541055
2542890	2541117
2543394	2539580
2540645	2543058
2539185	2539497
2539248	2541633
2538689	2541446
2538851	2540341
2542285	2543044
2538689	2543455
2542094	2539838
2539649	2542244
2539087	2543382
2540149	2539185
2539639	2542815
2539260	2540494
2540966	2538988
2539352	2541317
2539914	2541916
2542773	2542831
2542237	2539299
2539645	2540719
2539423	2543629
2540409	3361204
2543027	2540977
2542907	2541612
2540163	2543344
2542880	2539155
2539494	2541599
2541612	2541768
2541045	2541178
2540517	2543382
2539035	2541585
2540735	2540666
2540911	2541347
2543671	2541585
2541871	2542358
2542796	2538787
2539869	2540239
2539666	2540784
2540051	2542042
2543187	2539869
2539017	2539495
2540285	2542410
2543248	2541835
2542637	2540846
2539997	2540511
2543283	2539971
2542029	2539720
2540866	2539403
2539741	2539728
2540574	2540977
2541901	2541013
2542907	2539523
2540097	2541030
2540650	2542175
2540409	2539645
2541599	2540292
2542097	2541889
2541194	2541713
2543372	2541117
2540470	2542689
2542328	2541957
2543222	2542628
2541619	2539568
2543208	2543240
2541178	2541532
2540288	2543514
2541268	2543027
2540250	2541201
2542796	2542313
2540020	2542732
2541456	2540492
2539017	2542492
2540917	2542045
2540470	2543079
2539794	2542844
2541030	2541592
2540292	2540959
2541117	2542312
2540144	2539047
2540719	2540051
2541726	2539645
2540735	2540612
2542635	2543646
2540705	2541030
2542409	2540648
2542907	2538762
2540589	2542703
2542201	2538848
2541849	2538843
2543686	2542772
2540362	2539423
2538689	2539869
2543205	2542558
2542433	2539639
2543382	2539721
2543671	3361330
3361306	2540316
2543355	2543666
2543064	2541117
2542200	2541193
2540730	2543281
2542293	2541887
2539914	2542393
2540121	2541957
2539487	2541936
2540977	2541193
2542558	2538848
2541973	2539523
2542761	2539869
2540470	2539035
2543544	2542844
2542128	2539733
2541982	2541910
2539438	2540499
2540880	2539958
2541652	2543298
2540880	2541603
2540618	2539237
2542137	2539869
2543481	2542358
2542880	2539818
2541446	2541201
2539185	2541172
2538690	2540458
2540620	2539869
2540129	2541633
2540582	2541298
2541871	2539645
2539914	2540825
2543004	2540880
2543039	2540865
2543248	2543100
2541599	2540013
2540810	3361036
2541155	2539523
2541957	2543481
2543355	2542293
2542409	2541599
2539550	2542083
2542774	2539914
2543086	2541155
2540735	2541744
2538787	2540880
2543108	2540292
2542503	2540362
2541672	2542211
2538689	2539640
2539668	2541055
3361526	2541178
2541710	2542293
2541159	2539403
2541861	2539869
2543086	2539545
2539083	2542029
2540565	2539474
2542358	2542761
2540716	2541713
2539299	2540880
2538787	2540767
2539991	2539087
2540239	2540394
2540511	2539914
2542542	2542337
2541211	2540464
2543091	2541013
2541512	2542503
3361036	2541117
2541117	2539467
2540019	2540825
2539641	2538787
2541849	2539487
2543108	2543290
2543233	2543382
2542928	2542667
2541713	2540312
2539050	2541028
2542409	2542440
2542409	2542617
2542358	2540517
2540481	2540775
2539838	2542503
2541677	2541580
2541298	2543344
2541887	2539863
2540149	2541925
2540917	2540543
2541861	2539642
2539914	2542094
2542299	2541729
2540684	2539869
2539827	2543310
2539205	2542253
2540292	2542815
2539020	2540051
2540728	2539869
2538744	2540584
2542007	2540121
2543205	2539767
2538816	2543273
2540919	2540555
2542502	2539945
2540977	2540013
2540239	2543027
2539479	2541264
2539920	2541055
2541171	2540917
2541155	2542815
2540977	2542628
2539310	2541159
2539804	2539123
2540013	2541153
2540650	2541604
2538787	2540044
2539149	2543086
2541028	2539336
2539991	2542632
2543581	2540258
2543222	2541013
2540593	3361260
2541871	2541117
2541652	2540620
2543650	2539678
2542029	2538744
2540511	2541603
2542687	2541746
2540880	2538959
2540316	2539314
2541580	2543682
2543360	2543086
2542358	2538787
2541464	2541871
2541861	2542144
2541726	2541439
2543131	2540472
2539844	2542474
2543441	2540725
2543671	2540051
2539436	2541633
2541746	3361036
2539914	2538736
3361526	2540643
2541155	2540341
2539804	2541652
2540666	2543290
2543086	2540587
2541710	2543281
2541144	2540719
2540927	2539623
2540316	2542761
2543298	2539336
2541446	2542465
3361036	2541468
2540043	2539829
2539027	2543064
2542503	2541580
2540580	2542409
2538787	2540438
2540239	2539991
2539481	3361562
2540593	2543187
2542388	2542299
2540121	2540150
2540880	2541117
2539721	2539991
2538886	2541155
2541117	2543271
2542727	2541835
2540470	2543086
2541714	2541599
2541975	2541585
3361204	2542801
2539149	2539455
2540919	2542141
2540013	2539737
2543290	2542409
2539838	2542140
2540292	2542844
2540716	2539914
2542545	2541178
2542358	2541446
2542844	2540392
2543516	2542689
2540716	2542195
2539838	2540060
2540917	2539804
3361036	2541013
2543011	3361330
2540285	2541165
3361204	2541439
2541601	2542503
2541517	2541871
2540584	2541159
2542824	2542195
2542880	2543129
2540292	2541585
2540020	2541612
2542815	2543086
2542211	2540511
2539248	2539149
2541194	2539847
2542007	2542393
2542041	2539971
2539242	2540121
2540574	2539399
2542638	2542772
2539914	2539804
2539838	2542815
2540409	2539568
2540517	2539645
2542788	2540537
2540292	2542389
2543290	2538752
2542433	2542252
2540099	2540163
2542123	2541013
2541585	2541155
2541587	2541599
2542733	3361526
2538816	2542326
2542029	2542737
2542233	2540163
2543629	2543544
2541943	2542815
2541013	2543058
2543281	2542531
2541887	2540911
2539838	2542727
2542083	2543129
2540097	2542200
2540728	2540013
2543441	2541141
2542252	2542761
2539869	2539914
2542128	2542140
2540013	2543382
2539782	2541518
2541500	2539403
2539523	2540618
2540212	2541957
2543240	2543539
2539414	3361456
2541910	2539847
2541172	2539869
2543592	2539190
2539700	2541633
2543646	2542438
2542628	2539511
2540020	2539020
2541709	2539499
2540148	2540810
3361470	2539434
2539487	2540097
2540097	2543040
2539087	2540880
2540312	2543187
2543646	2541652
2539050	2541117
2541298	2542438
2541172	2541071
2542761	2539953
2542928	2540129
2541500	2540745
3361036	2541612
2540719	2543506
2541887	2542440
2540129	2542380
2541446	2541268
2539639	2539437
2540620	2542311
2540620	2542083
2539675	2539649
2542635	2543399
2541172	2541178
2541055	2542337
2539537	2540650
2540409	2543589
2540584	2541943
2542409	2542029
2541456	2540100
2543685	2542358
2539804	2540329
2542873	2540127
2539426	2540720
2540032	2540292
2539280	2543544
2541117	2541298
2541268	2540880
2539914	2540316
2542682	2542632
2539881	2540537
2542433	2541861
2540436	2541910
2539997	2538689
2542123	2542788
2542137	2542311
3361036	2541055
2539248	2539678
2542677	2540627
2541326	2539155
2541735	2541165
2543506	2542313
2542938	2543208
2542907	2539678
2539333	2541013
2540237	2539641
2539728	2543646
2542774	2540013
2539817	2541936
2539952	2540895
2542737	2541601
2540547	2539477
2540880	2542093
3361036	2540515
2542409	2543506
2539808	2540121
2543455	2541153
2541585	2540328
2542128	2539838
2542696	2540880
2539497	2540719
2540917	2540292
2541871	2543544
2541587	2541633
2539914	2540959
2542108	2538959
2540866	2540362
2538787	2539914
2542788	2539808
2539366	2540865
2542002	2540547
2539817	2539248
2540880	2539495
2543095	2539149
2539723	2540237
2540070	2540511
2539080	2542679
2541861	2542545
2541580	2541030
2539642	2542649
2543360	2540099
2540099	3361456
2540258	2540895
2543539	2540438
2539765	2541141
2540292	2540992
2538743	2539920
2542875	2543646
2539991	2539020
2539838	2538875
2540099	2541141
2540515	2542366
2541735	2540977
2541599	2539645
2543407	2543027
2539280	2539236
2541580	2541869
2542083	2541585
2540880	2541512
2539817	2541179
2539219	2540719
2542366	2542097
2542727	2541599
2539869	2539997
2542774	2542796
2541468	2541620
2541268	2541193
2539958	2542801
2541055	2539639
2543646	2538886
2543646	2539838
2539765	2542196
2542880	2540237
2541599	2540977
2543516	2540880
2539277	2540234
2539645	2543271
2540148	2539847
2539087	2542245
2539517	2540977
2541500	2542233
2541652	2542438
2543265	2540212
3361487	2543355
2542313	2543208
2539232	2541298
2540880	2541975
2542632	2540735
2541030	2540438
2539149	2542121
2540547	2542949
3361306	2539817
2538744	2539434
2540238	2539958
2541159	2542007
2543310	2540977
2540237	2540873
2542083	2538787
2539640	2540013
3361306	2542808
2541071	2542796
2539997	2540895
2540438	2540761
2543355	2539821
2543240	2541889
2539958	2541298
2542312	2540115
2541055	2539236
2540517	2541011
2543281	2541617
2539497	2541178
2539035	2541709
2543479	2540115
2540730	2542195
2543040	2542796
2539869	2540129
2539914	2540917
2542815	2543682
2542299	3361470
2541117	2541726
2540767	2538762
2542761	2541030
2540464	2540966
2540846	2540825
2541030	2539928
2541326	2539403
2542637	2541856
2543685	2543027
2543577	2541728
2541834	2543646
2538690	2541112
2542002	2543027
2543554	2540471
2543254	2543646
2541172	2540470
2539083	2543575
2539017	2540917
2540470	2540430
2542414	2541013
2539920	2539027
2539487	2541709
2539844	2542628
3361306	2539481
2540873	2541426
2539004	2543095
3361470	2539487
2542438	2542312
2542576	2543044
2541769	2541861
2540409	2541973
2540745	2540027
2539133	2542628
2542004	2541849
2543100	2540911
2541585	2541446
2541519	2540032
2539741	2540735
2541726	2539639
2542414	2540112
2542677	2541247
2542632	2540977
2540578	2542256
2539857	2543222
2540643	2543208
2543646	2539869
2538959	2542046
2542137	2543516
2540802	2540380
3361036	2541160
2540919	2538959
2539703	2543042
2540880	2542414
2539481	2538886
2543240	2542123
2543671	2541213
2542358	2542123
2541153	2539436
2542029	2541587
2542542	2540470
2539123	2541519
2540223	2541155
2539963	2539395
2539487	2542523
2539087	2541619
2538787	2540115
2541861	2542237
2542226	2543666
2540543	2538689
2540438	2541936
2542773	2541159
2541744	3361491
2541013	2543168
2538816	2541861
2540464	2539627
2541468	2539087
2541159	2539352
2541982	2543629
2542440	2540470
2542635	2541848
2541633	2540810
2543044	2541889
2543516	2541848
2540760	2542637
2543079	2539869
2541059	2542388
2540129	2543646
2540043	2541652
2541652	2541957
2540043	2541633
2541298	2541735
2542796	2543112
2541347	2543019
2540645	2540324
2541926	2540398
2541652	2539863
2542489	2539149
2541468	2542788
2542440	2539360
2539154	2542880
2542815	2542274
2541592	2541603
2540292	2539666
2542880	2539020
2542119	2540719
2542144	2539640
2541209	2540555
2541530	2541856
2539487	2540578
2542628	2541439
2543143	2540292
2542667	2542393
2541055	2540292
2543027	2541110
2542252	2541211
2542256	2542517
2540070	2541901
2539838	2540574
2540760	2540537
2543298	2539481
2541942	2540292
2539087	2541587
3361511	2540700
2542907	2543646
2539700	2542139
2538875	2540020
2543670	2541982
2542438	2539142
2542293	2542808
2539794	2540959
2539668	2541957
2540716	2542409
2542799	2542545
2542523	2541699
2542239	2541298
2539914	2541633
2539568	2541117
2539403	2540565
2540237	2543355
2542123	3361526
